0 0.075428 0.707458 0.150857 0.585083
0 0.311714 0.569125 0.025282 0.165667
0 0.336995 0.541260 0.018615 0.138562
0 0.356027 0.548906 0.021678 0.153854
0 0.379085 0.595750 0.027770 0.262333
0 0.424507 0.546437 0.018052 0.145958
0 0.447981 0.588854 0.040563 0.256417
0 0.474930 0.552615 0.031667 0.185896
0 0.539654 0.543083 0.024730 0.137083
0 0.520904 0.545552 0.019437 0.130188
0 0.555405 0.539552 0.020364 0.132729
0 0.576819 0.542417 0.017371 0.136833
0 0.600200 0.538927 0.016901 0.146271
0 0.631690 0.688823 0.074883 0.452438
0 0.672823 0.511521 0.017124 0.073542
0 0.687987 0.602990 0.029871 0.264229
0 0.715728 0.702844 0.056667 0.388771
0 0.763398 0.543073 0.027336 0.169813
0 0.878908 0.627281 0.036338 0.277521
0 0.949754 0.592063 0.030000 0.279292
0 0.926414 0.560115 0.027336 0.216562
