0 0.312725 0.747328 0.197712 0.505343
0 0.435594 0.712611 0.117688 0.574779
0 0.537744 0.706232 0.067788 0.587535
0 0.612594 0.716152 0.138400 0.567695
0 0.755231 0.706943 0.141225 0.586115
0 0.844678 0.699854 0.180769 0.600292
0 0.911509 0.706943 0.176981 0.586115
0 0.288066 0.523594 0.036781 0.120282
0 0.319166 0.485325 0.029969 0.057404
0 0.373131 0.465663 0.020050 0.084290
0 0.390044 0.515724 0.039725 0.099087
0 0.515662 0.537709 0.045025 0.148645
0 0.477266 0.596378 0.049494 0.225532
0 0.357697 0.510118 0.033631 0.091355
