0 0.120600 0.702917 0.100263 0.594167
0 0.219457 0.723875 0.107280 0.552250
0 0.425240 0.818350 0.114983 0.289467
0 0.502366 0.781592 0.086949 0.258683
0 0.619457 0.763700 0.100971 0.222900
0 0.444171 0.642533 0.102377 0.342533
0 0.523400 0.561150 0.078526 0.443767
0 0.560211 0.492742 0.056789 0.431483
0 0.651006 0.478425 0.084137 0.384450
0 0.655171 0.510800 0.139326 0.736200
0 0.770274 0.496517 0.158514 0.828967
0 0.905566 0.525958 0.124183 0.911417
0 0.448200 0.401550 0.120149 0.335700
0 0.442137 0.229275 0.118126 0.294483
0 0.347737 0.417742 0.123177 0.477050
0 0.282114 0.542492 0.169623 0.915017
0 0.122583 0.420683 0.193851 0.668467
