0 0.784392 0.318128 0.086846 0.122029
0 0.041742 0.164618 0.083485 0.272270
0 0.020031 0.034336 0.040062 0.068672
0 0.071423 0.051145 0.054277 0.102291
0 0.122385 0.107620 0.069354 0.186161
0 0.156762 0.075638 0.029554 0.109079
0 0.227927 0.107626 0.072977 0.118912
0 0.167315 0.150675 0.057892 0.075450
0 0.214054 0.183891 0.056092 0.141883
0 0.163392 0.352014 0.099508 0.366579
0 0.277377 0.165026 0.069354 0.145157
0 0.339196 0.132228 0.073577 0.118912
0 0.301804 0.208907 0.083223 0.154174
0 0.368446 0.310188 0.071769 0.209121
0 0.270742 0.467233 0.142931 0.452688
0 0.436288 0.373745 0.133885 0.200105
0 0.445338 0.254419 0.078400 0.164843
0 0.500823 0.109372 0.108554 0.218745
0 0.891923 0.299529 0.098308 0.469916
0 0.966919 0.285586 0.066162 0.371506
0 0.513365 0.295586 0.058623 0.159435
0 0.567642 0.198551 0.062962 0.083651
0 0.527115 0.215774 0.035462 0.072824
0 0.451850 0.654691 0.170069 0.466475
0 0.573073 0.621726 0.136054 0.390690
0 0.638562 0.539059 0.117954 0.404477
0 0.600935 0.319153 0.119408 0.206569
0 0.581396 0.276302 0.078885 0.134822
0 0.650146 0.259074 0.035462 0.084634
0 0.701527 0.297458 0.093362 0.171234
0 0.739162 0.501658 0.104938 0.298190
0 0.808273 0.472626 0.099869 0.242092
0 0.848515 0.714053 0.171954 0.422772
0 0.949254 0.630800 0.069477 0.256266
0 0.970285 0.552856 0.059431 0.305858
