0 0.908475 0.814822 0.183050 0.370356
0 0.355237 0.715958 0.026200 0.185501
0 0.380769 0.718920 0.026638 0.175612
0 0.413175 0.698363 0.019525 0.148708
0 0.436037 0.715757 0.019975 0.155033
0 0.456456 0.719321 0.019988 0.145546
0 0.505288 0.714566 0.025750 0.175590
0 0.483538 0.706069 0.018650 0.128530
0 0.532150 0.701526 0.021300 0.132895
0 0.550569 0.694009 0.021313 0.140000
0 0.623156 0.670869 0.020862 0.077906
0 0.637475 0.657027 0.011325 0.070000
0 0.651681 0.639822 0.014437 0.074343
0 0.330381 0.702305 0.019537 0.121804
0 0.453250 0.462439 0.023200 0.085635
