0 0.132119 0.542469 0.023192 0.097259
0 0.148696 0.545026 0.014577 0.089174
0 0.157988 0.546104 0.024408 0.103211
0 0.171646 0.535785 0.012385 0.080586
0 0.181912 0.542061 0.019792 0.093138
0 0.207212 0.556982 0.028854 0.128211
0 0.222981 0.550063 0.025531 0.093954
0 0.221496 0.510460 0.018008 0.050418
0 0.262592 0.540209 0.024662 0.097490
0 0.242131 0.526051 0.010323 0.053483
0 0.248427 0.540424 0.012423 0.097981
0 0.277508 0.518217 0.017631 0.038232
0 0.315912 0.547040 0.021408 0.106151
0 0.337535 0.532631 0.018069 0.084613
0 0.349335 0.534514 0.013700 0.076098
0 0.361869 0.539263 0.017492 0.097500
0 0.383081 0.550910 0.020638 0.116046
0 0.403804 0.547939 0.023962 0.121987
0 0.424350 0.540209 0.024485 0.104623
0 0.434231 0.518928 0.010323 0.046370
0 0.443850 0.539618 0.012069 0.078713
0 0.458800 0.537354 0.018892 0.096067
0 0.470954 0.536287 0.014508 0.081088
0 0.481362 0.536051 0.010492 0.085847
0 0.496046 0.552573 0.020985 0.130314
0 0.509515 0.535811 0.011892 0.081098
0 0.518081 0.545445 0.010838 0.075617
0 0.526565 0.501213 0.016962 0.026632
0 0.529450 0.519995 0.018192 0.028065
0 0.535569 0.566370 0.020631 0.074665
0 0.554458 0.550434 0.018885 0.109383
0 0.582177 0.538902 0.015215 0.106778
0 0.601496 0.552694 0.024131 0.097730
0 0.601150 0.505371 0.021685 0.029257
0 0.627731 0.554236 0.027277 0.103682
0 0.651862 0.538781 0.024138 0.117479
0 0.687012 0.559592 0.048269 0.165753
0 0.722604 0.556015 0.034500 0.153410
0 0.707115 0.490779 0.015108 0.026370
0 0.693265 0.502082 0.010577 0.021569
0 0.742619 0.555847 0.024177 0.133891
0 0.771454 0.545230 0.026938 0.136632
0 0.790969 0.550366 0.018631 0.120188
0 0.811492 0.551046 0.030969 0.144163
0 0.847631 0.557040 0.045323 0.160941
0 0.898750 0.536841 0.018131 0.082866
0 0.933442 0.540690 0.023269 0.109310
0 0.966535 0.555690 0.045331 0.178745
0 0.736915 0.336276 0.020892 0.060941
0 0.983096 0.386025 0.010577 0.027531
0 0.943354 0.396292 0.012692 0.043964
