0 0.182842 0.716325 0.101328 0.425522
0 0.274814 0.715594 0.087012 0.379883
0 0.354116 0.756084 0.060576 0.290052
0 0.403125 0.739151 0.070488 0.312141
0 0.355215 0.571299 0.067188 0.159021
0 0.397070 0.544060 0.036348 0.104543
0 0.440024 0.501358 0.067178 0.154595
0 0.411392 0.425379 0.040752 0.150183
0 0.478574 0.447467 0.031934 0.097180
0 0.505010 0.530072 0.084805 0.203198
0 0.469761 0.789328 0.064990 0.421345
0 0.529238 0.793747 0.087012 0.412507
0 0.622861 0.736795 0.104629 0.378394
0 0.556729 0.575960 0.038242 0.117872
0 0.568999 0.535842 0.047275 0.112911
0 0.558911 0.468029 0.039834 0.106501
0 0.619990 0.505666 0.044082 0.144856
0 0.655054 0.503179 0.036650 0.093016
0 0.651860 0.707683 0.052588 0.354321
0 0.714541 0.762350 0.067461 0.411123
0 0.799263 0.773714 0.091357 0.350065
0 0.852642 0.744954 0.062139 0.318107
0 0.946128 0.774778 0.097197 0.421775
0 0.779873 0.595131 0.081270 0.184621
0 0.727817 0.574902 0.068525 0.139883
0 0.686123 0.552174 0.056309 0.111475
0 0.570278 0.376077 0.050459 0.128525
0 0.541650 0.380692 0.048867 0.122141
0 0.515088 0.362944 0.047812 0.129230
0 0.489062 0.368270 0.050996 0.121423
