0 0.883308 0.406925 0.182583 0.742100
0 0.948525 0.359812 0.102950 0.636075
0 0.956383 0.861012 0.087233 0.277975
0 0.884783 0.909600 0.152133 0.180800
0 0.848958 0.814787 0.196317 0.235575
0 0.762575 0.758825 0.104050 0.203200
0 0.786625 0.689625 0.120750 0.161950
0 0.757175 0.652088 0.144283 0.178175
0 0.664417 0.705087 0.076567 0.319525
0 0.641350 0.614537 0.108967 0.197325
0 0.593250 0.610863 0.077533 0.136925
0 0.521592 0.596125 0.053983 0.122200
0 0.574108 0.526925 0.062817 0.078050
0 0.673250 0.535025 0.064800 0.079500
0 0.511283 0.515162 0.058900 0.083925
0 0.477908 0.546075 0.049083 0.089800
0 0.446108 0.492212 0.022717 0.053275
0 0.456525 0.430800 0.045450 0.071000
0 0.412500 0.511025 0.044500 0.113600
0 0.386700 0.587725 0.051600 0.292550
0 0.356167 0.535525 0.059633 0.263450
0 0.334867 0.593762 0.055867 0.273375
0 0.291075 0.538013 0.052550 0.198825
0 0.256992 0.540138 0.058217 0.157625
0 0.184092 0.509250 0.060117 0.159750
0 0.139833 0.493637 0.052067 0.145575
