0 0.090123 0.571063 0.050599 0.282708
0 0.115423 0.556344 0.024883 0.212021
0 0.151092 0.579896 0.046455 0.270917
0 0.178468 0.554125 0.029871 0.234125
0 0.208327 0.579896 0.048110 0.247375
0 0.262248 0.587990 0.044800 0.245896
0 0.294184 0.578417 0.038979 0.200250
0 0.360962 0.574010 0.061385 0.185521
0 0.382113 0.592406 0.025704 0.228229
0 0.428568 0.587250 0.042300 0.191417
0 0.465065 0.589469 0.048932 0.198771
0 0.511931 0.590938 0.044800 0.201708
0 0.548433 0.583583 0.044800 0.195833
0 0.584519 0.603448 0.038991 0.212021
0 0.620182 0.590208 0.040646 0.191417
0 0.644654 0.598302 0.034847 0.207604
0 0.677007 0.593885 0.036502 0.192896
0 0.737148 0.574740 0.057230 0.184063
0 0.790651 0.576219 0.059730 0.189938
0 0.824660 0.575479 0.044789 0.209083
0 0.858257 0.561490 0.050599 0.228229
0 0.918809 0.571063 0.067195 0.253250
0 0.970810 0.565917 0.058380 0.240000
