0 0.378520 0.515822 0.223740 0.885653
0 0.833440 0.661902 0.333120 0.676197
0 0.746090 0.568678 0.330740 0.493833
0 0.703560 0.461549 0.118220 0.253906
0 0.648065 0.466865 0.071570 0.222012
0 0.549945 0.375925 0.066750 0.233818
0 0.134435 0.563341 0.268870 0.559486
0 0.081165 0.801652 0.162330 0.396696
0 0.212005 0.559090 0.159810 0.462555
0 0.300080 0.433554 0.069160 0.184229
0 0.596390 0.414449 0.043000 0.185345
0 0.626545 0.387386 0.031830 0.131219
0 0.599185 0.300866 0.047470 0.094302
0 0.512615 0.421013 0.056410 0.336241
