0 0.238606 0.906300 0.066769 0.187400
0 0.096453 0.846684 0.071074 0.149969
0 0.077611 0.734209 0.059234 0.109069
0 0.126070 0.729950 0.039850 0.093725
0 0.033460 0.659653 0.046303 0.091169
0 0.256912 0.765737 0.036619 0.119287
0 0.302678 0.785759 0.050616 0.135481
0 0.372137 0.688622 0.053847 0.109919
0 0.418440 0.692459 0.034463 0.115881
0 0.457749 0.699275 0.026919 0.117588
0 0.478207 0.638350 0.020458 0.051975
0 0.514285 0.644744 0.028002 0.068162
0 0.523973 0.673713 0.025845 0.097138
0 0.558436 0.667750 0.034455 0.092025
0 0.641896 0.683512 0.033381 0.108213
0 0.706509 0.638353 0.033381 0.084356
0 0.594179 0.629859 0.027773 0.082469
0 0.567674 0.609884 0.037512 0.049369
0 0.533772 0.612313 0.025964 0.046800
0 0.579937 0.590481 0.019479 0.039100
0 0.610588 0.595475 0.021635 0.029112
0 0.638902 0.600753 0.035703 0.032819
0 0.635837 0.619303 0.027409 0.039094
0 0.678029 0.629006 0.028855 0.083037
0 0.654589 0.595191 0.019479 0.055356
0 0.679475 0.588053 0.028128 0.050794
0 0.704179 0.599184 0.018389 0.026819
0 0.844826 0.618444 0.044360 0.073338
0 0.768551 0.598616 0.025964 0.063919
0 0.799348 0.592906 0.026327 0.059350
0 0.780632 0.563088 0.029210 0.037950
0 0.756829 0.576213 0.030656 0.061925
0 0.730683 0.578069 0.026690 0.062775
0 0.717160 0.580922 0.021272 0.049081
0 0.697326 0.563800 0.032820 0.049650
0 0.654949 0.556809 0.026690 0.041381
0 0.630245 0.544966 0.023444 0.035956
0 0.702555 0.542969 0.019471 0.038812
0 0.674423 0.534694 0.025972 0.038812
0 0.771438 0.533981 0.020916 0.039663
0 0.742370 0.520709 0.014060 0.034244
0 0.750122 0.521137 0.010103 0.043663
0 0.768697 0.514431 0.010458 0.018263
0 0.730107 0.511150 0.017670 0.038525
0 0.784021 0.511722 0.010821 0.019119
0 0.794119 0.514147 0.015869 0.022256
0 0.783302 0.498025 0.012986 0.018550
0 0.796501 0.498881 0.012622 0.021975
0 0.806564 0.502019 0.010458 0.021975
0 0.822070 0.501450 0.012622 0.024825
0 0.820991 0.493031 0.019834 0.023975
0 0.826580 0.486325 0.017314 0.019688
