0 0.031785 0.669561 0.063569 0.235209
0 0.123246 0.549655 0.037277 0.124205
0 0.186069 0.575314 0.039785 0.102510
0 0.533638 0.698891 0.080831 0.388975
0 0.629462 0.689812 0.081415 0.428096
0 0.686150 0.570078 0.040408 0.218149
0 0.465473 0.506407 0.022100 0.111140
0 0.498877 0.576015 0.037138 0.211590
0 0.483350 0.459859 0.019392 0.030973
0 0.512919 0.473373 0.019392 0.064592
0 0.532915 0.475518 0.011385 0.059655
0 0.552185 0.476339 0.016969 0.062615
0 0.569392 0.460685 0.016969 0.044487
0 0.497527 0.432008 0.012362 0.026695
0 0.486842 0.431318 0.009700 0.017469
