0 0.445497 0.658171 0.072003 0.240288
0 0.547736 0.672316 0.088098 0.250508
0 0.526982 0.530787 0.043207 0.115885
0 0.673944 0.777036 0.111810 0.349348
0 0.856065 0.819064 0.117904 0.361871
0 0.983430 0.828781 0.033140 0.342439
0 0.923152 0.632511 0.093510 0.219839
0 0.860130 0.601321 0.046759 0.145199
0 0.924676 0.534348 0.068106 0.095097
0 0.769663 0.670343 0.073182 0.219839
0 0.749840 0.531795 0.045741 0.118611
0 0.801174 0.550707 0.046759 0.133946
0 0.716301 0.567583 0.072163 0.163599
0 0.680215 0.580876 0.046759 0.087934
0 0.633965 0.584966 0.055909 0.147240
0 0.639554 0.504187 0.032525 0.069526
0 0.669036 0.527705 0.044722 0.083844
