0 0.043681 0.666768 0.087362 0.465230
0 0.151273 0.600732 0.075192 0.258180
0 0.125273 0.503593 0.040731 0.057082
0 0.080154 0.544916 0.034462 0.119289
0 0.055092 0.534697 0.031954 0.093724
0 0.299154 0.697014 0.146631 0.430303
0 0.480242 0.677845 0.125315 0.472050
0 0.369335 0.584545 0.037592 0.212165
0 0.429488 0.506151 0.033838 0.075837
0 0.449458 0.496219 0.014362 0.040241
0 0.534312 0.566041 0.031762 0.155031
0 0.632000 0.557463 0.040031 0.184027
0 0.686596 0.562845 0.029377 0.173577
0 0.663935 0.542385 0.028285 0.143494
0 0.734827 0.582568 0.046054 0.236684
0 0.768912 0.590209 0.029377 0.214498
0 0.801004 0.574189 0.036992 0.206119
0 0.791938 0.487646 0.015954 0.037971
0 0.899415 0.681067 0.150415 0.452427
0 0.822965 0.518007 0.023269 0.119571
0 0.859681 0.497667 0.021762 0.082176
0 0.930362 0.494587 0.030215 0.083421
