0 0.381750 0.483614 0.081977 0.342960
0 0.298515 0.483473 0.060046 0.308870
0 0.726438 0.529979 0.124277 0.505565
0 0.674835 0.359100 0.015946 0.033096
0 0.961388 0.522714 0.077223 0.423316
0 0.855412 0.466077 0.058485 0.255628
0 0.774215 0.447965 0.056923 0.225094
0 0.574485 0.454006 0.071015 0.251360
0 0.467962 0.450811 0.054308 0.274801
0 0.511823 0.432348 0.045954 0.210889
0 0.405288 0.419880 0.030823 0.180805
0 0.324454 0.425633 0.031123 0.180805
0 0.434600 0.413509 0.025385 0.144236
0 0.587808 0.438577 0.044123 0.219833
0 0.565600 0.327626 0.026292 0.036569
0 0.630012 0.428300 0.036515 0.196036
0 0.601365 0.416161 0.017838 0.175753
0 0.656515 0.425309 0.027385 0.186056
