0 0.429599 0.855875 0.153385 0.288250
0 0.222755 0.861539 0.189073 0.276922
0 0.796333 0.849746 0.170396 0.300508
0 0.887932 0.840500 0.124031 0.314656
0 0.955990 0.822840 0.088021 0.354320
0 0.747609 0.701238 0.046135 0.112383
0 0.535984 0.742668 0.029906 0.104133
0 0.575448 0.744043 0.035396 0.111914
0 0.504635 0.735832 0.022042 0.086305
0 0.443068 0.705719 0.029031 0.025750
0 0.395536 0.742574 0.031281 0.095555
0 0.360161 0.746469 0.038906 0.118063
0 0.462089 0.701531 0.021719 0.028078
0 0.473922 0.723965 0.028073 0.061289
0 0.485615 0.702992 0.015188 0.021984
