0 0.023140 0.841504 0.046279 0.206542
0 0.052280 0.791909 0.037354 0.123728
0 0.056953 0.740778 0.036016 0.107365
0 0.019473 0.684551 0.038945 0.148263
0 0.108315 0.857859 0.056025 0.218802
0 0.127324 0.791909 0.052695 0.238249
0 0.151113 0.723608 0.033457 0.148413
0 0.201128 0.806452 0.044072 0.217455
0 0.189390 0.659760 0.018018 0.048323
0 0.216572 0.712268 0.027988 0.109955
0 0.240537 0.743331 0.029590 0.174057
0 0.288945 0.806699 0.048574 0.234716
0 0.333501 0.774401 0.045674 0.232246
0 0.393330 0.829379 0.037949 0.213009
0 0.364219 0.806452 0.037637 0.219431
0 0.380947 0.710539 0.034414 0.096647
0 0.368560 0.673316 0.024443 0.077410
0 0.408447 0.758129 0.038594 0.187874
0 0.446890 0.792395 0.033779 0.221886
0 0.468115 0.809903 0.037637 0.260853
0 0.512349 0.836280 0.047607 0.222889
0 0.512671 0.718930 0.034736 0.059177
0 0.495298 0.695254 0.028311 0.065090
0 0.472944 0.669371 0.031846 0.051766
0 0.535830 0.735936 0.041816 0.193787
0 0.547568 0.710546 0.036992 0.204147
0 0.615122 0.888061 0.067236 0.222889
0 0.595498 0.859214 0.039570 0.249027
0 0.640371 0.743825 0.054043 0.254925
0 0.719507 0.881407 0.067549 0.237186
0 0.810928 0.832740 0.077969 0.330180
0 0.831582 0.771504 0.049023 0.269237
0 0.856094 0.733930 0.033203 0.191722
0 0.868252 0.778009 0.053652 0.175749
0 0.893921 0.863705 0.074111 0.272590
0 0.913989 0.733922 0.044775 0.177515
0 0.958960 0.749603 0.045166 0.238458
