0 0.186008 0.510250 0.168953 0.590417
0 0.337305 0.639823 0.142453 0.454979
0 0.456562 0.594906 0.111531 0.329812
0 0.561469 0.633188 0.111531 0.397542
0 0.639219 0.581656 0.088344 0.382812
0 0.730320 0.424854 0.120359 0.513875
0 0.633750 0.365219 0.116937 0.229687
0 0.558656 0.296760 0.072781 0.145771
0 0.513930 0.323990 0.085141 0.164896
0 0.474789 0.418229 0.123672 0.241458
0 0.401852 0.426323 0.081609 0.219396
0 0.431664 0.291604 0.094859 0.214958
0 0.369820 0.329875 0.092641 0.244417
0 0.289211 0.337990 0.108328 0.290063
