0 0.014950 0.554325 0.029900 0.410381
0 0.035042 0.502662 0.052931 0.299166
0 0.046400 0.411138 0.047708 0.190927
0 0.094585 0.455917 0.049985 0.256859
0 0.136850 0.470675 0.044838 0.323780
0 0.243435 0.609439 0.108054 0.589485
0 0.312527 0.534645 0.068362 0.422183
0 0.334946 0.514964 0.066154 0.337549
0 0.505188 0.620855 0.143777 0.582204
0 0.596746 0.586962 0.084677 0.536148
0 0.666431 0.548579 0.095262 0.570402
0 0.857842 0.592276 0.183469 0.565664
0 0.730619 0.359300 0.019146 0.082575
0 0.715908 0.355505 0.015954 0.082585
0 0.873477 0.329640 0.024108 0.080206
0 0.920977 0.313744 0.019138 0.039866
0 0.796908 0.337230 0.026231 0.091596
