0 0.211983 0.768798 0.096947 0.428221
0 0.409531 0.782909 0.111659 0.422067
0 0.337752 0.722776 0.085889 0.321466
0 0.067200 0.729543 0.099399 0.371779
0 0.019796 0.715421 0.039591 0.387716
0 0.089892 0.633822 0.024543 0.197548
0 0.126094 0.738738 0.050312 0.314111
0 0.540829 0.699471 0.109207 0.368077
0 0.618738 0.719099 0.051514 0.250312
0 0.653101 0.600697 0.051538 0.128846
0 0.749411 0.688425 0.089591 0.328822
0 0.829784 0.733209 0.061346 0.273630
0 0.836526 0.593329 0.069928 0.121466
0 0.945733 0.684748 0.099399 0.323918
0 0.600325 0.581683 0.039255 0.039279
