0 0.562419 0.777688 0.322839 0.444625
0 0.796234 0.825218 0.209242 0.349564
0 0.955145 0.676998 0.089710 0.364891
0 0.826621 0.616864 0.056532 0.141235
0 0.856589 0.619988 0.029984 0.139540
0 0.866565 0.458656 0.036065 0.072179
0 0.422710 0.794479 0.168258 0.411041
0 0.389379 0.700496 0.130016 0.308354
0 0.345669 0.771029 0.088500 0.349370
0 0.102024 0.785872 0.172629 0.428257
0 0.173315 0.749709 0.080306 0.369056
0 0.200911 0.623002 0.030597 0.151719
0 0.233685 0.633668 0.055726 0.197651
0 0.280121 0.751017 0.076468 0.497966
0 0.102298 0.545278 0.050984 0.095738
0 0.013363 0.716501 0.026726 0.300024
0 0.345629 0.567155 0.043258 0.084673
0 0.484024 0.573608 0.033242 0.077240
0 0.534847 0.663148 0.042500 0.232930
