0 0.055613 0.705750 0.111225 0.588499
0 0.195044 0.666220 0.146875 0.588499
0 0.044950 0.438152 0.049625 0.179737
0 0.094353 0.464123 0.031869 0.166069
0 0.155775 0.427219 0.029213 0.104794
0 0.220616 0.435657 0.021344 0.090563
0 0.237744 0.443963 0.016600 0.075544
0 0.385037 0.416871 0.026087 0.052205
0 0.493072 0.449503 0.020294 0.094522
0 0.471334 0.439221 0.008956 0.069212
0 0.456053 0.443766 0.011594 0.068021
0 0.462900 0.445549 0.010012 0.071585
0 0.451572 0.440994 0.007906 0.068818
0 0.512044 0.450094 0.013437 0.067242
0 0.536284 0.456421 0.015019 0.097289
0 0.551041 0.466506 0.018706 0.107964
0 0.565797 0.456027 0.011856 0.075150
0 0.584637 0.477978 0.025300 0.110347
0 0.612172 0.473035 0.017656 0.112317
0 0.632462 0.469672 0.023975 0.102439
0 0.720153 0.494742 0.044169 0.170854
0 0.780709 0.493030 0.035969 0.133265
0 0.855609 0.524128 0.051906 0.200919
0 0.833984 0.509428 0.023219 0.152402
