0 0.025261 0.857105 0.050522 0.285791
0 0.120576 0.847639 0.122744 0.304722
0 0.197734 0.853554 0.078936 0.292892
0 0.012073 0.733591 0.024146 0.092204
0 0.070190 0.749887 0.044072 0.111984
0 0.063613 0.706717 0.018271 0.033214
0 0.123569 0.697130 0.017129 0.029795
0 0.138413 0.702778 0.013477 0.014385
0 0.240872 0.788474 0.036704 0.175146
0 0.306191 0.782559 0.042627 0.176332
0 0.269683 0.759773 0.025654 0.156808
0 0.217441 0.693485 0.016719 0.026706
0 0.294937 0.708291 0.019873 0.052394
0 0.346326 0.765476 0.034946 0.151698
0 0.321431 0.724213 0.019873 0.074649
0 0.378074 0.759656 0.031294 0.140059
0 0.366084 0.698704 0.010508 0.024319
0 0.388237 0.751611 0.018730 0.130805
0 0.408909 0.770955 0.033120 0.183199
0 0.425808 0.743221 0.015757 0.095534
0 0.469136 0.844985 0.085967 0.310029
0 0.443291 0.756713 0.017129 0.127526
0 0.531672 0.821157 0.059751 0.245315
0 0.481531 0.752332 0.028931 0.134122
0 0.490857 0.724510 0.010278 0.064202
0 0.555854 0.757756 0.023408 0.119846
0 0.544529 0.730933 0.011802 0.075337
0 0.575173 0.753474 0.016753 0.127840
0 0.569084 0.691695 0.011040 0.017972
0 0.594734 0.818591 0.036089 0.262306
0 0.644651 0.836014 0.077905 0.327972
0 0.667561 0.808148 0.048677 0.240630
0 0.663777 0.734334 0.031792 0.093690
0 0.688342 0.758254 0.037026 0.147592
0 0.701477 0.756201 0.025376 0.142108
0 0.726370 0.751541 0.017104 0.084239
0 0.873054 0.861816 0.231343 0.276369
0 0.958828 0.856149 0.082344 0.287701
0 0.815925 0.772105 0.047690 0.186391
0 0.784514 0.780732 0.050649 0.205622
0 0.753599 0.798730 0.038809 0.195264
0 0.713889 0.718261 0.010278 0.026259
0 0.731494 0.715410 0.010469 0.026823
0 0.939775 0.710311 0.029463 0.051018
0 0.891812 0.762020 0.018955 0.086633
0 0.875366 0.747127 0.010732 0.059583
0 0.912480 0.732225 0.014160 0.035271
