0 0.103047 0.728613 0.188151 0.224941
0 0.305091 0.685469 0.192240 0.235176
0 0.459147 0.671152 0.145872 0.226992
0 0.584570 0.649170 0.132240 0.189160
0 0.701139 0.640986 0.114518 0.174844
0 0.895417 0.653257 0.197682 0.205518
0 0.957591 0.577080 0.084818 0.137012
0 0.947214 0.510107 0.069531 0.076680
0 0.808841 0.594463 0.103620 0.130879
0 0.832695 0.519312 0.088620 0.091006
0 0.778848 0.546919 0.100898 0.135986
0 0.704544 0.551006 0.099531 0.095098
0 0.625475 0.560718 0.080430 0.100205
0 0.570117 0.557144 0.092708 0.088955
0 0.514225 0.523911 0.079076 0.092021
0 0.559349 0.476362 0.065443 0.091006
0 0.643874 0.488638 0.068164 0.068506
0 0.431882 0.528511 0.077721 0.088955
0 0.344557 0.518799 0.069661 0.104297
0 0.293503 0.534644 0.073620 0.082822
0 0.215111 0.576567 0.126784 0.088955
0 0.161940 0.654277 0.140417 0.150313
0 0.038366 0.603662 0.076732 0.110430
0 0.096367 0.567881 0.091354 0.110430
0 0.034336 0.532603 0.068177 0.066455
0 0.167943 0.446709 0.119974 0.264824
0 0.253971 0.349067 0.128151 0.251533
0 0.375306 0.345483 0.103607 0.221885
0 0.463919 0.427285 0.081797 0.178945
0 0.472780 0.336792 0.061341 0.112471
0 0.514362 0.359800 0.062708 0.225967
0 0.562077 0.391499 0.070898 0.138037
0 0.602292 0.404282 0.069531 0.141104
0 0.687500 0.425752 0.092708 0.159512
0 0.644427 0.360312 0.050443 0.083848
0 0.609661 0.331172 0.046354 0.050098
0 0.749401 0.414507 0.050443 0.161553
0 0.788932 0.399678 0.069531 0.166660
0 0.846875 0.396099 0.070885 0.182002
