0 0.969535 0.533229 0.036805 0.256653
0 0.158859 0.538903 0.078797 0.484556
0 0.232133 0.572083 0.070172 0.416167
0 0.198773 0.388549 0.046016 0.114514
0 0.012824 0.510736 0.025648 0.266861
0 0.027949 0.401326 0.034508 0.109403
0 0.079430 0.509201 0.060391 0.278125
0 0.084949 0.395243 0.014961 0.056347
0 0.106746 0.492382 0.026461 0.215847
0 0.303480 0.565438 0.090930 0.523514
0 0.425383 0.568507 0.106984 0.496931
0 0.560543 0.595604 0.079367 0.512264
0 0.637641 0.547646 0.049406 0.293458
0 0.712387 0.563389 0.067867 0.419222
0 0.768172 0.574125 0.070172 0.510222
0 0.843000 0.521986 0.048313 0.289361
0 0.879781 0.510222 0.022953 0.233139
0 0.916879 0.536299 0.031570 0.217792
0 0.945352 0.502042 0.022953 0.175861
0 0.927492 0.426896 0.024156 0.046014
0 0.992301 0.528583 0.015398 0.285444
0 0.669660 0.577583 0.026758 0.285444
0 0.490727 0.532493 0.036344 0.271958
0 0.803711 0.516042 0.029125 0.236694
0 0.820215 0.414215 0.021633 0.054736
