0 0.045801 0.749356 0.091602 0.501288
0 0.080576 0.762643 0.051992 0.350732
0 0.096328 0.667577 0.064590 0.250351
0 0.156587 0.692379 0.055928 0.240922
0 0.214482 0.763521 0.138633 0.472958
0 0.322783 0.648682 0.052773 0.101552
0 0.366504 0.774744 0.124453 0.450512
0 0.425186 0.669941 0.055918 0.240908
0 0.459844 0.695922 0.062227 0.240922
0 0.518472 0.740630 0.060166 0.153089
0 0.500693 0.713294 0.072930 0.224158
0 0.574766 0.833411 0.115332 0.333177
0 0.607358 0.790351 0.120342 0.419297
0 0.681201 0.891837 0.056523 0.216325
0 0.693735 0.668865 0.089795 0.251493
0 0.639263 0.615220 0.054697 0.151025
0 0.761655 0.817687 0.092529 0.364627
0 0.839834 0.790695 0.079316 0.418609
0 0.904331 0.792401 0.092529 0.415198
0 0.980264 0.652892 0.039473 0.171230
0 0.972388 0.837906 0.055225 0.320820
0 0.923696 0.623946 0.046338 0.145783
0 0.887422 0.568990 0.036094 0.106501
0 0.843545 0.557028 0.044824 0.121318
0 0.775361 0.612555 0.069512 0.170849
0 0.985020 0.560439 0.029961 0.096252
0 0.971157 0.535388 0.057686 0.137247
0 0.555728 0.603382 0.038740 0.107643
0 0.523706 0.567277 0.034951 0.093968
0 0.470332 0.593192 0.034570 0.121874
0 0.448496 0.527408 0.037227 0.060937
0 0.344028 0.508616 0.047100 0.087130
0 0.340229 0.572972 0.034189 0.093968
0 0.287808 0.550761 0.034189 0.114466
0 0.259893 0.508616 0.035332 0.056384
0 0.137578 0.540227 0.033809 0.102504
0 0.157710 0.540798 0.039131 0.119605
