0 0.259781 0.824543 0.148125 0.281233
0 0.145906 0.724406 0.156188 0.407854
0 0.048516 0.717785 0.097031 0.382831
0 0.105602 0.449817 0.099766 0.229680
0 0.203344 0.471895 0.095719 0.232648
0 0.288500 0.598516 0.135031 0.335708
0 0.405383 0.599258 0.141078 0.478516
0 0.404375 0.295217 0.128969 0.309201
0 0.301602 0.327603 0.112859 0.253242
0 0.200320 0.322454 0.107828 0.189932
0 0.120219 0.323196 0.078594 0.156073
0 0.102078 0.224543 0.082625 0.138402
0 0.035422 0.382078 0.070844 0.376941
0 0.052547 0.107854 0.105094 0.215708
0 0.157500 0.122580 0.114875 0.245160
0 0.222992 0.099749 0.100766 0.199498
0 0.262805 0.161963 0.059453 0.142831
0 0.315703 0.153870 0.060469 0.123676
0 0.321750 0.107854 0.106812 0.215708
0 0.424023 0.182568 0.113859 0.260616
0 0.472898 0.135091 0.074578 0.270183
0 0.541414 0.270183 0.133016 0.506484
0 0.667883 0.279384 0.132016 0.558767
0 0.607422 0.064418 0.071531 0.128836
0 0.725320 0.043801 0.077578 0.087603
0 0.770664 0.294486 0.083641 0.549201
0 0.848258 0.373253 0.087672 0.471164
0 0.950531 0.400491 0.070531 0.549201
0 0.878992 0.167112 0.084641 0.244406
0 0.951031 0.137671 0.069531 0.156073
0 0.944492 0.073253 0.104797 0.146507
