0 0.891933 0.782197 0.065798 0.113418
0 0.857840 0.458525 0.021391 0.058730
0 0.954092 0.432485 0.017116 0.053271
0 0.825395 0.456030 0.027101 0.059443
0 0.679041 0.444492 0.023880 0.053027
0 0.654078 0.444639 0.025315 0.058496
0 0.626633 0.441670 0.021757 0.051602
0 0.674100 0.406074 0.017130 0.035781
0 0.646757 0.402290 0.017321 0.037568
0 0.631801 0.376689 0.013001 0.038945
0 0.792906 0.571724 0.021830 0.040811
0 0.035600 0.232329 0.036032 0.036865
0 0.159334 0.228765 0.023177 0.019268
0 0.303902 0.233047 0.037789 0.018789
0 0.764817 0.222866 0.030688 0.026592
0 0.915622 0.222212 0.037130 0.040791
0 0.884795 0.235176 0.031933 0.036992
0 0.857672 0.230713 0.032709 0.039629
0 0.020886 0.527632 0.029414 0.055088
0 0.029495 0.455288 0.027628 0.056279
0 0.007247 0.456274 0.014495 0.059053
0 0.196618 0.456782 0.033265 0.060068
0 0.231684 0.480649 0.042782 0.059854
0 0.304026 0.451421 0.026442 0.053311
0 0.331208 0.450825 0.029122 0.052510
0 0.375183 0.435171 0.030893 0.054502
0 0.380081 0.382656 0.015739 0.041816
0 0.349780 0.393755 0.024656 0.044580
0 0.052548 0.519502 0.033382 0.051074
0 0.196940 0.555889 0.038067 0.033105
0 0.272240 0.558027 0.048346 0.057930
0 0.425827 0.528779 0.052621 0.046230
0 0.457277 0.525781 0.030805 0.037383
0 0.502416 0.513086 0.028668 0.046797
0 0.598243 0.519932 0.033792 0.057637
0 0.709480 0.532627 0.035505 0.048223
0 0.747555 0.531216 0.036369 0.030557
0 0.839758 0.565874 0.035944 0.057646
0 0.913748 0.717598 0.057657 0.124258
