0 0.064042 0.524518 0.053346 0.116743
0 0.039465 0.566047 0.050208 0.105832
0 0.017115 0.480853 0.034231 0.080681
0 0.024992 0.452618 0.031031 0.068817
0 0.091935 0.469702 0.026838 0.081162
0 0.102046 0.427937 0.027538 0.063120
0 0.152423 0.436482 0.039046 0.072607
0 0.217446 0.484414 0.043585 0.067864
0 0.173031 0.365812 0.014646 0.025634
0 0.217350 0.381147 0.019777 0.058503
0 0.237827 0.385681 0.025623 0.041749
0 0.389435 0.245581 0.015746 0.076880
0 0.047662 0.803476 0.095323 0.133948
0 0.142519 0.706770 0.061254 0.105937
0 0.323258 0.831084 0.069285 0.120974
0 0.353377 0.654419 0.050200 0.173592
0 0.279958 0.517921 0.062762 0.113435
0 0.282746 0.502733 0.034862 0.069759
0 0.338185 0.507005 0.025800 0.102995
0 0.330162 0.453136 0.019523 0.086377
0 0.357708 0.386220 0.014646 0.047455
0 0.327027 0.397136 0.022315 0.054105
0 0.340796 0.373644 0.018485 0.038450
0 0.374438 0.379340 0.014646 0.039393
0 0.415827 0.443827 0.028869 0.085435
0 0.444065 0.467743 0.021762 0.107068
0 0.478665 0.711042 0.041423 0.187361
0 0.541212 0.550382 0.029285 0.087131
0 0.547281 0.496052 0.024685 0.075183
0 0.578865 0.520257 0.022592 0.076890
0 0.598531 0.546681 0.028446 0.103644
0 0.611915 0.498843 0.032631 0.074042
0 0.432796 0.330822 0.020823 0.083382
0 0.455681 0.353565 0.014285 0.055047
0 0.468750 0.346812 0.013315 0.035592
0 0.494054 0.333953 0.014523 0.052073
0 0.532977 0.425183 0.027892 0.092942
0 0.520050 0.435665 0.024700 0.068817
0 0.516419 0.388204 0.014531 0.041916
0 0.535885 0.372382 0.018015 0.040346
0 0.530546 0.324675 0.008877 0.029937
0 0.551527 0.334042 0.008885 0.021696
0 0.575435 0.296419 0.014731 0.051916
0 0.643054 0.305571 0.007877 0.039351
0 0.659058 0.291120 0.007977 0.023707
0 0.677223 0.336932 0.014154 0.046157
0 0.706231 0.331497 0.011908 0.054743
0 0.717788 0.314335 0.010362 0.037571
0 0.635715 0.790382 0.052646 0.193162
0 0.670019 0.699927 0.033469 0.166115
0 0.756481 0.823319 0.059269 0.157571
0 0.758227 0.718911 0.054392 0.116754
0 0.735912 0.696607 0.027192 0.149969
0 0.716388 0.641073 0.043931 0.145225
0 0.700354 0.594094 0.038354 0.134785
0 0.679258 0.523141 0.028238 0.110576
0 0.714996 0.490157 0.026500 0.084482
0 0.685015 0.425136 0.021615 0.072136
0 0.778892 0.602775 0.043092 0.117319
0 0.765085 0.518775 0.032215 0.071183
0 0.766546 0.483754 0.030954 0.056953
0 0.796669 0.538141 0.034308 0.095110
0 0.844785 0.552660 0.032631 0.141236
0 0.815288 0.512513 0.025515 0.066639
0 0.792485 0.457838 0.027615 0.074607
0 0.818842 0.466953 0.035146 0.056377
0 0.820519 0.436770 0.020915 0.039298
0 0.849592 0.460398 0.023846 0.061508
0 0.877835 0.468372 0.024269 0.099089
0 0.897288 0.449010 0.019669 0.093393
0 0.925527 0.429932 0.029285 0.041581
0 0.932642 0.478052 0.050208 0.067204
0 0.871558 0.597366 0.055223 0.121309
0 0.888296 0.546969 0.040162 0.062649
0 0.928038 0.537853 0.038492 0.042136
0 0.969458 0.609330 0.059408 0.066639
0 0.906542 0.399309 0.030269 0.045152
0 0.924219 0.382838 0.024454 0.046471
0 0.945281 0.385304 0.021546 0.067236
0 0.954962 0.397005 0.023969 0.078764
0 0.968038 0.423372 0.021062 0.082073
0 0.968765 0.372581 0.022515 0.040869
0 0.893304 0.324267 0.018777 0.033372
0 0.807765 0.393398 0.022392 0.073330
0 0.824815 0.375136 0.019369 0.044492
0 0.786277 0.342859 0.012108 0.055204
0 0.809619 0.298728 0.009485 0.032408
0 0.860758 0.293848 0.011208 0.026126
0 0.928419 0.320696 0.018562 0.036262
0 0.963323 0.352827 0.012108 0.023623
0 0.971996 0.341298 0.018562 0.026911
0 0.871800 0.287937 0.010785 0.017550
