0 0.107339 0.606181 0.132021 0.609815
0 0.215209 0.595137 0.112704 0.582823
0 0.312214 0.587165 0.092577 0.559508
0 0.368968 0.556488 0.075672 0.579137
0 0.452286 0.556488 0.095799 0.554605
0 0.538423 0.516609 0.099016 0.656444
0 0.619325 0.545444 0.064397 0.596323
0 0.706267 0.624585 0.082111 0.604911
0 0.670442 0.460782 0.060376 0.380371
0 0.734040 0.498206 0.074862 0.573008
0 0.809712 0.623359 0.126386 0.693250
0 0.921963 0.585323 0.156074 0.715339
0 0.832653 0.321520 0.083720 0.256444
0 0.334754 0.290230 0.089360 0.169331
0 0.268339 0.325815 0.086942 0.230677
0 0.207563 0.254649 0.070037 0.122702
0 0.164817 0.285323 0.071646 0.117790
