0 0.023967 0.634363 0.047933 0.731275
0 0.049267 0.571663 0.085033 0.367275
0 0.201025 0.609988 0.125750 0.578975
0 0.741467 0.592187 0.118100 0.697725
0 0.675475 0.426962 0.070617 0.124725
0 0.100075 0.440062 0.044417 0.223825
0 0.060975 0.405025 0.040617 0.156050
0 0.155300 0.374162 0.036033 0.135775
0 0.267467 0.422125 0.044600 0.231700
0 0.310525 0.437938 0.034950 0.236325
0 0.380700 0.421975 0.037333 0.202650
0 0.347058 0.393738 0.023417 0.140975
0 0.430750 0.398238 0.023733 0.147125
0 0.464292 0.421262 0.032583 0.211175
0 0.498442 0.402512 0.031383 0.124975
0 0.482625 0.330738 0.023983 0.051825
0 0.545350 0.329663 0.020567 0.044125
0 0.977450 0.327188 0.045100 0.148425
