0 0.284300 0.632171 0.083338 0.443086
0 0.643481 0.478771 0.019223 0.058672
0 0.764596 0.497014 0.025023 0.055722
0 0.954985 0.492903 0.010708 0.043086
0 0.944177 0.486339 0.008815 0.029393
0 0.556927 0.503572 0.027562 0.096642
0 0.452854 0.495188 0.023938 0.118347
0 0.695154 0.464718 0.040615 0.058180
0 0.046438 0.646234 0.092877 0.517218
0 0.153654 0.596810 0.099000 0.478013
0 0.437988 0.490256 0.023208 0.094676
0 0.528642 0.510476 0.029008 0.107500
0 0.258923 0.595533 0.055138 0.316967
0 0.350100 0.594257 0.053262 0.321234
0 0.417142 0.638138 0.070808 0.352762
0 0.491396 0.639843 0.078946 0.374916
0 0.587269 0.624079 0.087723 0.350209
0 0.664023 0.638138 0.083338 0.369812
0 0.722612 0.590000 0.063915 0.321234
0 0.791227 0.610868 0.068300 0.345941
0 0.863600 0.624079 0.081462 0.394519
0 0.119969 0.570146 0.048585 0.260356
0 0.389035 0.483604 0.028285 0.078400
