0 0.202546 0.506016 0.223520 0.819837
0 0.067944 0.610862 0.135888 0.778276
0 0.056520 0.288866 0.113041 0.321579
0 0.051556 0.113512 0.103112 0.227024
0 0.315699 0.352477 0.152990 0.678494
0 0.384245 0.390463 0.077490 0.641361
0 0.439872 0.326425 0.081459 0.652849
0 0.499480 0.315817 0.087429 0.631633
0 0.556602 0.325971 0.100327 0.639601
0 0.647995 0.324655 0.106296 0.649310
0 0.625148 0.101143 0.074500 0.202287
0 0.786077 0.370590 0.140071 0.741180
0 0.741378 0.150617 0.090408 0.301234
0 0.875985 0.191688 0.053643 0.250889
0 0.936582 0.151053 0.083449 0.286243
0 0.932031 0.402831 0.135939 0.404610
0 0.955954 0.184619 0.086418 0.151960
0 0.889811 0.731897 0.220378 0.536207
0 0.075398 0.622350 0.150796 0.755299
