0 0.098389 0.636183 0.098771 0.275078
0 0.281022 0.624789 0.097924 0.285333
0 0.429593 0.624506 0.090249 0.255144
0 0.560723 0.647283 0.103870 0.277922
0 0.481537 0.566700 0.076628 0.194200
0 0.601586 0.566983 0.071512 0.202744
0 0.315548 0.487639 0.047542 0.093922
0 0.362733 0.472922 0.036894 0.083578
0 0.379435 0.460056 0.026113 0.066578
0 0.406296 0.444072 0.018738 0.062944
0 0.427218 0.446456 0.011645 0.059289
0 0.391919 0.430294 0.013073 0.047522
0 0.509759 0.455772 0.020249 0.072100
0 0.491935 0.439844 0.011977 0.044822
0 0.499635 0.452811 0.015980 0.068089
0 0.523729 0.452150 0.014535 0.070567
0 0.540839 0.430211 0.017392 0.024800
0 0.548339 0.480683 0.035482 0.109944
0 0.585855 0.457067 0.027093 0.049711
