0 0.154551 0.822138 0.149668 0.355725
0 0.277817 0.822936 0.096631 0.354129
0 0.367974 0.804004 0.088389 0.316266
0 0.325547 0.781911 0.062461 0.222621
0 0.038149 0.835300 0.076299 0.329400
0 0.089849 0.708587 0.048311 0.150176
0 0.169990 0.677665 0.024746 0.084817
0 0.205928 0.708587 0.042422 0.121918
0 0.448110 0.832269 0.078955 0.298594
0 0.503560 0.784561 0.067295 0.295066
0 0.588350 0.809305 0.062461 0.341010
0 0.633135 0.813719 0.045957 0.215549
0 0.695005 0.750110 0.035361 0.144876
0 0.742144 0.750110 0.051846 0.141362
