0 0.111438 0.688017 0.125303 0.623966
0 0.183089 0.617744 0.099685 0.473617
0 0.080626 0.527563 0.078920 0.511662
0 0.260626 0.495049 0.055390 0.279763
0 0.211474 0.399344 0.048463 0.157067
0 0.333318 0.515908 0.085847 0.306760
0 0.285894 0.423268 0.049157 0.187737
0 0.341277 0.391983 0.028385 0.117793
0 0.374854 0.476027 0.055382 0.222081
0 0.426434 0.495049 0.051923 0.228226
0 0.419161 0.339218 0.054003 0.132514
0 0.481812 0.480936 0.065768 0.283436
0 0.507084 0.418359 0.033223 0.141103
0 0.529582 0.509777 0.039464 0.296927
0 0.565930 0.511006 0.056761 0.233128
0 0.593274 0.442898 0.045004 0.241718
0 0.660776 0.520203 0.077533 0.249092
0 0.645197 0.436767 0.079614 0.231913
0 0.712699 0.472968 0.069228 0.257668
0 0.765658 0.485230 0.065768 0.225768
0 0.742467 0.368666 0.045690 0.125154
0 0.816541 0.449036 0.065075 0.290810
0 0.847348 0.655175 0.123916 0.626997
0 0.944618 0.615622 0.110764 0.768757
