0 0.060249 0.643845 0.090172 0.256281
0 0.022081 0.596981 0.044163 0.125371
0 0.075803 0.546357 0.028476 0.039945
0 0.132228 0.542600 0.041132 0.031639
0 0.165449 0.534294 0.024257 0.022938
0 0.182851 0.663621 0.081209 0.259442
0 0.580182 0.738231 0.195004 0.515977
0 0.882147 0.793303 0.235707 0.413395
0 0.904759 0.536003 0.049992 0.116749
0 0.957915 0.533868 0.048721 0.122920
0 0.826295 0.602682 0.057582 0.140953
0 0.783897 0.602445 0.047459 0.151869
0 0.738969 0.609802 0.052520 0.145702
0 0.678221 0.603395 0.043664 0.152819
0 0.433672 0.632335 0.063023 0.177120
0 0.398362 0.630627 0.039485 0.165726
0 0.370645 0.632335 0.055433 0.165729
0 0.383605 0.548415 0.056426 0.056952
0 0.451593 0.560035 0.022704 0.039550
0 0.502606 0.614113 0.053832 0.138422
