0 0.091356 0.578578 0.182711 0.739881
0 0.227800 0.565089 0.141711 0.715333
0 0.340533 0.573674 0.151844 0.609807
0 0.428872 0.570607 0.092944 0.485896
0 0.519522 0.566311 0.104911 0.465037
0 0.623967 0.565704 0.109511 0.370548
0 0.713233 0.543000 0.080067 0.334978
0 0.774428 0.508644 0.079144 0.384044
0 0.850811 0.582874 0.093867 0.409807
0 0.954794 0.591467 0.088344 0.444178
0 0.948350 0.350356 0.068100 0.131289
0 0.849428 0.366311 0.103989 0.114104
0 0.745439 0.352200 0.065344 0.093259
0 0.677800 0.357111 0.062578 0.088356
0 0.599583 0.347296 0.077300 0.105526
0 0.576572 0.409867 0.086500 0.176681
0 0.507561 0.327659 0.066256 0.095704
0 0.405867 0.335637 0.056133 0.069941
0 0.306483 0.329504 0.048767 0.101852
0 0.257706 0.191467 0.083744 0.188948
0 0.327644 0.189630 0.078222 0.224533
0 0.415533 0.201896 0.093867 0.266252
0 0.519522 0.207415 0.084667 0.272400
0 0.606944 0.209259 0.112267 0.263793
0 0.720133 0.225207 0.125156 0.266267
0 0.828722 0.243000 0.092022 0.245407
0 0.928567 0.255267 0.096622 0.265022
