0 0.017144 0.713548 0.034289 0.418249
0 0.179930 0.603017 0.039364 0.206659
0 0.307319 0.586207 0.039364 0.164838
0 0.393675 0.551948 0.020654 0.083055
0 0.445616 0.563782 0.035815 0.099537
0 0.635013 0.550762 0.026584 0.082064
0 0.585546 0.536002 0.012802 0.052866
0 0.594616 0.529935 0.007780 0.043028
0 0.602475 0.527761 0.007629 0.034564
0 0.720878 0.528909 0.009458 0.049208
0 0.793890 0.521010 0.006257 0.033874
0 0.811521 0.525932 0.007338 0.033642
0 0.845787 0.527804 0.007680 0.034833
0 0.839914 0.526350 0.008477 0.037484
0 0.860004 0.532042 0.009447 0.045431
0 0.854705 0.529065 0.007859 0.038939
0 0.868263 0.533631 0.006404 0.040172
0 0.936069 0.519405 0.024903 0.049984
0 0.912999 0.558268 0.026731 0.129908
0 0.982252 0.541099 0.012205 0.063707
