0 0.149048 0.696105 0.086416 0.197306
0 0.219854 0.695073 0.066777 0.228214
0 0.266992 0.686237 0.062852 0.242958
0 0.316587 0.671515 0.071689 0.175212
0 0.285659 0.566237 0.047139 0.126618
0 0.343105 0.581698 0.038301 0.095695
0 0.367168 0.658258 0.066777 0.198770
0 0.406450 0.639114 0.062861 0.195827
0 0.431001 0.642796 0.047139 0.209078
0 0.482070 0.646479 0.088379 0.231171
0 0.523809 0.652372 0.050078 0.198770
0 0.571929 0.675198 0.057939 0.182577
0 0.629873 0.674458 0.050078 0.216442
0 0.672100 0.664151 0.046152 0.184056
0 0.718262 0.652372 0.055977 0.210542
0 0.762944 0.670776 0.064814 0.256193
0 0.834048 0.664444 0.112939 0.242943
0 0.926460 0.622921 0.093291 0.290059
0 0.812046 0.530161 0.082490 0.192884
0 0.788970 0.545622 0.067764 0.173734
0 0.763926 0.530893 0.078574 0.182577
0 0.738882 0.518382 0.061865 0.142826
0 0.714331 0.531640 0.059912 0.166384
0 0.683394 0.532372 0.068740 0.170805
0 0.650986 0.537526 0.053027 0.139883
0 0.640186 0.529429 0.058926 0.176691
0 0.612192 0.590534 0.071689 0.228214
0 0.558672 0.544883 0.045176 0.189941
0 0.540015 0.552247 0.064814 0.175212
0 0.491396 0.561816 0.055977 0.176691
0 0.509570 0.509553 0.041250 0.107482
0 0.432524 0.546354 0.053916 0.172269
0 0.468369 0.503660 0.037422 0.072152
0 0.402622 0.490410 0.029463 0.045652
0 0.385830 0.474949 0.045176 0.067731
0 0.367168 0.541947 0.062852 0.110425
0 0.333281 0.528697 0.038301 0.104539
0 0.358818 0.480835 0.024551 0.061845
0 0.293511 0.503660 0.033389 0.080996
0 0.295522 0.568448 0.043115 0.083924
0 0.248335 0.554458 0.064814 0.173748
0 0.270430 0.486728 0.020625 0.053016
0 0.284673 0.513968 0.033389 0.075081
0 0.252266 0.548565 0.070703 0.167848
0 0.189019 0.542672 0.059912 0.159019
0 0.220938 0.477892 0.035352 0.047116
0 0.136382 0.553726 0.054990 0.175212
0 0.158037 0.477892 0.027402 0.061845
0 0.176250 0.482313 0.030449 0.055959
0 0.098174 0.620710 0.072676 0.315095
0 0.057324 0.593477 0.063828 0.281215
0 0.117227 0.474209 0.038301 0.069209
0 0.868516 0.516911 0.024551 0.110425
0 0.855747 0.536054 0.046162 0.169327
