0 0.949418 0.827878 0.101164 0.344243
0 0.971908 0.634432 0.056185 0.080107
0 0.908797 0.620602 0.036622 0.077436
0 0.969692 0.581043 0.014130 0.026756
0 0.990760 0.579812 0.007770 0.026756
0 0.996793 0.580672 0.006413 0.029537
0 0.943695 0.606633 0.023844 0.054436
0 0.951023 0.581268 0.013068 0.023842
0 0.935129 0.582658 0.013068 0.027417
0 0.776685 0.679899 0.116434 0.231127
0 0.736366 0.612195 0.015045 0.028294
0 0.741877 0.596382 0.021401 0.023045
0 0.760208 0.597891 0.017802 0.017803
0 0.760208 0.587799 0.022042 0.020187
0 0.724181 0.590103 0.016107 0.038146
0 0.714432 0.608937 0.024583 0.045300
0 0.691969 0.612195 0.013137 0.041327
0 0.709769 0.613945 0.019073 0.038146
0 0.665374 0.607348 0.011230 0.024635
0 0.678617 0.602183 0.012292 0.035285
0 0.641957 0.599401 0.020343 0.043392
0 0.633372 0.607903 0.012504 0.030199
0 0.596689 0.617711 0.029669 0.064847
0 0.564690 0.618028 0.028824 0.060395
0 0.519126 0.617949 0.021618 0.054200
0 0.504506 0.603009 0.014412 0.041801
0 0.487339 0.603565 0.014833 0.041008
0 0.411710 0.626612 0.036875 0.070190
0 0.429890 0.623179 0.027974 0.074384
0 0.436503 0.623465 0.017802 0.067328
0 0.315860 0.628709 0.029244 0.075910
0 0.292708 0.625467 0.030237 0.081253
0 0.337506 0.606748 0.015748 0.046026
0 0.325600 0.594608 0.012214 0.018652
0 0.317210 0.591131 0.011038 0.016777
0 0.378646 0.589807 0.011761 0.022518
0 0.397712 0.582687 0.012214 0.017990
0 0.267543 0.600740 0.019277 0.032901
0 0.243922 0.601241 0.015891 0.031238
0 0.090094 0.609335 0.023096 0.065165
0 0.121179 0.559553 0.014130 0.038554
