0 0.522055 0.633031 0.079172 0.511342
0 0.653063 0.449463 0.061094 0.234407
0 0.720602 0.473859 0.042016 0.249463
0 0.765711 0.494329 0.029109 0.207136
0 0.789578 0.454306 0.034844 0.228255
0 0.846609 0.458076 0.040094 0.235794
0 0.897211 0.463881 0.049641 0.278814
0 0.975492 0.692987 0.049016 0.504855
0 0.625500 0.380928 0.036594 0.107136
0 0.571594 0.413121 0.033812 0.127002
0 0.585719 0.401119 0.024656 0.136107
0 0.678680 0.389094 0.025453 0.125302
0 0.703453 0.364094 0.026250 0.065503
0 0.770086 0.343881 0.029047 0.058098
0 0.812648 0.424206 0.024266 0.188009
