0 0.213177 0.651250 0.114877 0.411831
0 0.115050 0.651846 0.068315 0.344383
0 0.127238 0.538525 0.067446 0.146151
0 0.036727 0.590596 0.064838 0.272782
0 0.420523 0.544446 0.026538 0.127218
0 0.490362 0.529351 0.030462 0.112427
0 0.456858 0.485565 0.030454 0.147929
0 0.478181 0.461600 0.027854 0.095272
0 0.602327 0.569064 0.034377 0.179885
0 0.627435 0.569299 0.033069 0.199414
0 0.654631 0.548290 0.039600 0.170408
0 0.742096 0.557165 0.052654 0.176339
0 0.695658 0.519283 0.018438 0.076433
0 0.707896 0.504508 0.015715 0.063326
0 0.852096 0.632327 0.166746 0.578651
