0 0.177742 0.708810 0.131714 0.582380
0 0.036674 0.685806 0.073349 0.628389
0 0.290471 0.667111 0.070745 0.372185
0 0.356901 0.641139 0.072469 0.403889
0 0.576036 0.630296 0.069021 0.376278
0 0.655693 0.658931 0.061542 0.423306
0 0.799771 0.782431 0.126531 0.435139
0 0.707630 0.653102 0.037958 0.338648
0 0.766068 0.510259 0.058667 0.174852
0 0.508276 0.687032 0.047927 0.093491
0 0.491135 0.510995 0.026958 0.140231
0 0.519094 0.488806 0.029625 0.130185
0 0.556706 0.474898 0.026297 0.102370
0 0.745109 0.566801 0.029240 0.224102
