0 0.148515 0.684582 0.113538 0.450921
0 0.236265 0.650016 0.087977 0.398776
0 0.081369 0.598891 0.084969 0.415126
0 0.008977 0.507191 0.017954 0.127814
0 0.196554 0.473023 0.018277 0.066862
0 0.213312 0.450832 0.022192 0.034320
0 0.516819 0.500518 0.016315 0.065094
0 0.558669 0.509995 0.015108 0.066433
0 0.538646 0.499550 0.010831 0.060607
0 0.568388 0.496637 0.009315 0.049990
0 0.593812 0.539100 0.039008 0.139707
0 0.650165 0.567218 0.055069 0.271276
0 0.692631 0.506145 0.013015 0.058776
0 0.739950 0.514132 0.013638 0.071339
0 0.769538 0.537824 0.022877 0.101590
0 0.784754 0.510282 0.010077 0.068201
0 0.796400 0.508855 0.012385 0.069341
0 0.815181 0.521553 0.024762 0.105010
0 0.852323 0.539817 0.028538 0.119278
0 0.933904 0.636009 0.132192 0.571579
0 0.867812 0.126804 0.085715 0.219843
0 0.162742 0.370418 0.020885 0.103556
0 0.312215 0.374859 0.016969 0.048525
0 0.285235 0.394085 0.016100 0.052667
0 0.088985 0.379294 0.015231 0.045554
