0 0.256530 0.535686 0.110631 0.535674
0 0.046491 0.510461 0.022161 0.105603
0 0.091262 0.513227 0.018738 0.107589
0 0.105915 0.517766 0.018991 0.114303
0 0.160528 0.507494 0.022161 0.095319
0 0.181790 0.513416 0.014022 0.096903
0 0.195363 0.521324 0.017950 0.109551
0 0.203155 0.465768 0.016625 0.043499
0 0.306317 0.542884 0.019259 0.116265
0 0.334038 0.544468 0.024038 0.118629
0 0.354093 0.487719 0.013486 0.072364
0 0.336814 0.468333 0.016341 0.044704
0 0.318738 0.466560 0.015552 0.048251
0 0.406199 0.475461 0.017413 0.060520
0 0.471372 0.453901 0.012145 0.049835
0 0.455804 0.454291 0.009495 0.037187
0 0.546987 0.494433 0.019243 0.076336
0 0.612382 0.449196 0.015521 0.038913
0 0.725142 0.412128 0.015205 0.057920
0 0.725623 0.360165 0.013612 0.036548
0 0.694558 0.590626 0.035457 0.156619
0 0.741285 0.570887 0.028502 0.131466
0 0.790852 0.595792 0.033880 0.203121
0 0.732240 0.523936 0.021073 0.068629
0 0.674976 0.502364 0.021246 0.080993
0 0.692658 0.488085 0.011183 0.056265
0 0.704479 0.500591 0.015773 0.074137
0 0.729306 0.501548 0.021073 0.067258
0 0.706404 0.458688 0.013754 0.037612
