0 0.111212 0.895572 0.115200 0.208856
0 0.069550 0.827711 0.046450 0.079962
0 0.198631 0.879859 0.075138 0.240281
0 0.265338 0.871998 0.068300 0.256004
0 0.313431 0.864343 0.039338 0.271313
0 0.386956 0.773058 0.022763 0.107730
0 0.431706 0.848752 0.042687 0.223058
0 0.475812 0.834522 0.046800 0.261989
0 0.526088 0.862992 0.039850 0.242045
0 0.580950 0.844962 0.054700 0.261970
0 0.629800 0.858959 0.044275 0.278593
0 0.675494 0.863865 0.055962 0.272270
0 0.551656 0.754371 0.028762 0.074484
0 0.506969 0.761454 0.015812 0.055704
0 0.531119 0.741848 0.014487 0.036904
0 0.520913 0.743659 0.009875 0.031970
0 0.861781 0.840272 0.168288 0.319456
