0 0.189292 0.624711 0.049042 0.127359
0 0.333188 0.788797 0.195917 0.422406
0 0.237021 0.652008 0.044292 0.166109
0 0.278417 0.614039 0.050083 0.105203
0 0.325604 0.595445 0.041125 0.085422
0 0.368052 0.597031 0.054312 0.088594
0 0.418417 0.617594 0.050625 0.136062
0 0.499104 0.642117 0.060125 0.186672
0 0.578990 0.644883 0.061688 0.171641
0 0.621948 0.609281 0.036854 0.096500
0 0.716094 0.615422 0.047979 0.125375
0 0.775156 0.614430 0.058521 0.132891
0 0.832635 0.608891 0.025854 0.096500
0 0.870073 0.608891 0.036396 0.106000
0 0.674542 0.595992 0.033542 0.087328
0 0.645760 0.600023 0.017729 0.080203
