0 0.209880 0.835241 0.126875 0.329519
0 0.057872 0.271690 0.057026 0.209009
0 0.028240 0.311269 0.037479 0.092259
0 0.010836 0.273111 0.021672 0.138963
0 0.044258 0.118486 0.029151 0.100806
0 0.077094 0.137282 0.024990 0.042713
0 0.154938 0.104819 0.032677 0.111046
0 0.118914 0.100264 0.030464 0.068917
0 0.142797 0.304773 0.044208 0.273361
0 0.164823 0.280926 0.028062 0.271315
0 0.221154 0.216389 0.042286 0.123019
0 0.254792 0.174810 0.025625 0.135546
0 0.280740 0.128111 0.023708 0.121870
0 0.307328 0.108181 0.017302 0.184528
0 0.316781 0.159435 0.018260 0.157185
0 0.280266 0.250102 0.033448 0.142148
0 0.275755 0.540912 0.085250 0.294250
0 0.285167 0.738227 0.089677 0.501898
0 0.359344 0.758894 0.132854 0.482213
0 0.374734 0.551375 0.072885 0.202565
0 0.441161 0.661269 0.062740 0.448593
0 0.595273 0.891847 0.136734 0.216306
0 0.624005 0.762046 0.081375 0.332630
0 0.635076 0.646412 0.070307 0.201750
0 0.718719 0.623778 0.085802 0.191907
0 0.355828 0.116380 0.029792 0.119593
0 0.375708 0.122356 0.020792 0.121306
0 0.415109 0.106130 0.023354 0.071759
0 0.437552 0.103000 0.025948 0.050685
0 0.330073 0.199528 0.011531 0.034167
0 0.360346 0.171625 0.031078 0.066065
0 0.340612 0.252778 0.034599 0.166870
0 0.368643 0.224588 0.032995 0.060361
0 0.314857 0.333079 0.038120 0.169139
0 0.382099 0.353009 0.062469 0.205593
0 0.419102 0.319130 0.044849 0.170852
0 0.399878 0.274417 0.013453 0.052963
0 0.446169 0.238829 0.041964 0.097954
0 0.469266 0.192412 0.031719 0.163454
0 0.500500 0.143148 0.030750 0.119593
0 0.500503 0.214051 0.042286 0.114472
0 0.535083 0.121708 0.009344 0.022935
0 0.530409 0.164620 0.022693 0.072370
0 0.541570 0.211315 0.026911 0.113333
0 0.565917 0.234097 0.035240 0.145231
0 0.593367 0.157421 0.024693 0.094917
0 0.617393 0.144963 0.018911 0.037574
0 0.615057 0.202111 0.031146 0.074352
0 0.528979 0.323569 0.030115 0.092269
0 0.485250 0.309046 0.038760 0.100796
0 0.448893 0.360588 0.030755 0.143509
0 0.479964 0.400171 0.041646 0.105361
0 0.501430 0.487019 0.054464 0.243759
0 0.541281 0.587708 0.084187 0.379065
0 0.558130 0.400796 0.045490 0.138963
0 0.591125 0.362634 0.044208 0.079731
0 0.590487 0.486222 0.060870 0.206167
0 0.620279 0.538903 0.058307 0.169139
0 0.656406 0.473634 0.060896 0.197639
0 0.595789 0.298074 0.033901 0.140963
0 0.622083 0.303292 0.038979 0.170380
0 0.659992 0.288347 0.044318 0.175602
0 0.659859 0.191051 0.037104 0.119602
0 0.674276 0.186542 0.017885 0.115324
0 0.697453 0.288375 0.054458 0.120731
0 0.700656 0.381491 0.050615 0.145222
0 0.719234 0.434625 0.064198 0.129843
0 0.773245 0.583949 0.059969 0.272676
0 0.721349 0.549440 0.055354 0.138046
0 0.786125 0.463329 0.075729 0.195454
0 0.842828 0.588394 0.059969 0.273361
0 0.819953 0.411046 0.034979 0.092259
0 0.836867 0.437699 0.034214 0.043046
0 0.928167 0.591125 0.065354 0.233731
0 0.969685 0.555931 0.043057 0.201602
0 0.986956 0.486560 0.026089 0.146250
0 0.921633 0.458204 0.067661 0.151037
0 0.900682 0.356032 0.053437 0.261065
0 0.934510 0.278806 0.033448 0.060148
0 0.938740 0.347829 0.041135 0.113454
0 0.970070 0.376875 0.039214 0.138731
0 0.737891 0.297505 0.033635 0.141435
0 0.765922 0.293231 0.028833 0.156611
0 0.792482 0.304861 0.054193 0.132407
0 0.788612 0.268079 0.019224 0.045565
0 0.828388 0.325032 0.044849 0.147120
0 0.860424 0.330727 0.032036 0.147120
0 0.861492 0.223704 0.044318 0.132407
0 0.805430 0.227269 0.032568 0.074037
0 0.787680 0.228926 0.020557 0.046981
0 0.751904 0.223940 0.029099 0.091120
0 0.723073 0.220620 0.034437 0.101556
0 0.701318 0.214213 0.027229 0.069759
0 0.729216 0.152282 0.029099 0.094917
0 0.750172 0.149667 0.022958 0.087796
0 0.772461 0.186213 0.028568 0.087796
0 0.895211 0.195468 0.026964 0.075935
0 0.917154 0.195704 0.024297 0.066926
0 0.942115 0.223468 0.031500 0.128139
0 0.962802 0.170074 0.020021 0.098241
0 0.992414 0.150380 0.015172 0.029426
0 0.825188 0.152282 0.025094 0.091120
0 0.824117 0.098648 0.024026 0.041759
0 0.848411 0.086074 0.015479 0.031796
0 0.882849 0.111699 0.018156 0.040343
0 0.945294 0.098380 0.014828 0.030648
0 0.989508 0.084537 0.011307 0.023407
0 0.976807 0.078769 0.015573 0.050759
