0 0.087479 0.470923 0.082735 0.538896
0 0.151598 0.470922 0.052122 0.453496
0 0.185106 0.470185 0.059568 0.449078
0 0.236815 0.439265 0.052124 0.396073
0 0.283146 0.371536 0.078598 0.254725
0 0.290179 0.592394 0.077771 0.331287
0 0.371258 0.573253 0.087698 0.290061
0 0.343129 0.412027 0.091007 0.203191
0 0.315826 0.314849 0.071152 0.150185
0 0.283147 0.215462 0.035576 0.089817
0 0.351815 0.348713 0.063705 0.247362
0 0.346852 0.212517 0.035576 0.125151
0 0.421313 0.493745 0.060396 0.366626
0 0.483363 0.504788 0.070324 0.350429
0 0.471367 0.352394 0.036403 0.119264
0 0.556583 0.467242 0.071152 0.407852
0 0.584713 0.451781 0.044676 0.347487
0 0.640559 0.463559 0.063707 0.376933
0 0.727430 0.459878 0.057086 0.369571
0 0.785757 0.544542 0.049640 0.426992
0 0.870974 0.577671 0.157195 0.416687
0 0.847395 0.401719 0.098454 0.247362
0 0.781621 0.311903 0.071152 0.176687
0 0.813060 0.237548 0.039713 0.092760
0 0.775002 0.201475 0.062879 0.097177
0 0.684821 0.469450 0.056259 0.421104
0 0.723707 0.289819 0.054604 0.153128
0 0.687717 0.258898 0.043848 0.114846
0 0.653382 0.269206 0.049640 0.117791
0 0.638077 0.250800 0.045504 0.131043
0 0.605810 0.213990 0.048814 0.101597
0 0.606224 0.275830 0.054606 0.089817
0 0.542105 0.298652 0.052124 0.159020
0 0.554515 0.219142 0.068670 0.123681
0 0.514388 0.314113 0.056259 0.148713
0 0.451510 0.302333 0.046330 0.131043
0 0.481708 0.251536 0.053777 0.150185
0 0.448615 0.252272 0.050467 0.139878
0 0.417176 0.220616 0.053777 0.106014
0 0.428345 0.311904 0.069497 0.141351
0 0.404352 0.283927 0.047987 0.114846
0 0.367535 0.356075 0.073632 0.247362
0 0.354711 0.219878 0.051295 0.128099
