0 0.213618 0.733443 0.165195 0.533113
0 0.120390 0.599404 0.040890 0.240488
0 0.083180 0.600630 0.051520 0.188957
0 0.049240 0.609831 0.049070 0.251530
0 0.037382 0.617191 0.061335 0.320248
0 0.018895 0.672408 0.037790 0.506752
0 0.318295 0.622101 0.035980 0.202461
0 0.095810 0.524561 0.017510 0.078815
0 0.230928 0.555803 0.028395 0.105799
0 0.256435 0.567168 0.025560 0.105799
0 0.278253 0.595923 0.035025 0.134906
0 0.293160 0.597344 0.026980 0.163316
0 0.381660 0.606219 0.053480 0.188162
0 0.352080 0.594505 0.024610 0.161898
0 0.337175 0.584561 0.031710 0.146272
0 0.415687 0.621485 0.043065 0.188882
0 0.473685 0.617937 0.059680 0.232903
0 0.495905 0.583496 0.029340 0.148402
0 0.527400 0.665154 0.061100 0.318815
0 0.579908 0.656635 0.054425 0.371365
0 0.616822 0.531662 0.044015 0.152671
0 0.648530 0.663380 0.079980 0.374921
0 0.747253 0.698530 0.092755 0.463676
0 0.829835 0.707048 0.093230 0.423908
0 0.866750 0.617933 0.047800 0.177517
0 0.852550 0.540180 0.020350 0.063196
0 0.889702 0.619002 0.033125 0.176804
0 0.929930 0.665510 0.067200 0.311005
0 0.976497 0.615450 0.022245 0.141298
