0 0.053916 0.780652 0.083242 0.420220
0 0.145674 0.703402 0.053086 0.147625
0 0.233501 0.787053 0.092412 0.415308
0 0.283198 0.819421 0.025420 0.317786
0 0.294575 0.683306 0.048174 0.103651
0 0.301782 0.844501 0.034521 0.310997
0 0.334785 0.840235 0.045137 0.319531
0 0.405332 0.833402 0.069414 0.333196
0 0.416333 0.691283 0.055752 0.124150
0 0.484858 0.805982 0.045967 0.314370
0 0.547837 0.779560 0.047412 0.297859
0 0.519995 0.769479 0.025029 0.241246
0 0.589888 0.709340 0.030029 0.081877
0 0.612144 0.701826 0.020283 0.062097
0 0.631768 0.697478 0.013164 0.032815
0 0.852856 0.801606 0.049131 0.302713
0 0.891826 0.800293 0.037168 0.227801
