0 0.244273 0.852903 0.091178 0.215388
0 0.383458 0.846392 0.086339 0.205921
0 0.379706 0.783669 0.056039 0.108878
0 0.309896 0.803493 0.085473 0.153259
0 0.207800 0.836331 0.088326 0.166863
0 0.102373 0.835151 0.078834 0.200000
0 0.030531 0.833669 0.061062 0.195856
0 0.517419 0.821838 0.071236 0.173374
0 0.429088 0.803788 0.061732 0.136094
0 0.466132 0.772723 0.048430 0.102367
0 0.446657 0.744022 0.018995 0.056806
0 0.584376 0.805860 0.058891 0.133144
0 0.651715 0.813255 0.056986 0.120712
0 0.622321 0.787514 0.041686 0.115388
0 0.582904 0.744025 0.031443 0.053259
0 0.608072 0.728342 0.036189 0.053849
0 0.643170 0.746982 0.043684 0.068640
0 0.714498 0.780712 0.039896 0.113612
0 0.770485 0.786629 0.053279 0.102957
0 0.796599 0.767101 0.044538 0.094676
0 0.697402 0.774201 0.043695 0.104144
0 0.724942 0.737219 0.028499 0.037273
0 0.853158 0.743137 0.039896 0.073971
0 0.819919 0.743727 0.030393 0.070417
0 0.787148 0.756155 0.038938 0.068050
0 0.758187 0.722424 0.022794 0.023079
