0 0.962393 0.538103 0.012695 0.063941
0 0.113521 0.871963 0.105283 0.256074
0 0.074492 0.696088 0.043574 0.101147
0 0.159360 0.732985 0.068076 0.179059
0 0.195210 0.674551 0.036299 0.090897
0 0.271001 0.763397 0.052646 0.231676
0 0.320469 0.772625 0.039023 0.224162
0 0.340210 0.741529 0.049463 0.216647
0 0.416455 0.757250 0.042207 0.254912
0 0.397393 0.727522 0.034043 0.221426
0 0.381055 0.657809 0.028594 0.095676
0 0.475669 0.809221 0.051729 0.287029
0 0.545977 0.796507 0.052832 0.305897
0 0.561196 0.683331 0.041885 0.150074
0 0.591152 0.727618 0.039707 0.258324
0 0.654033 0.669912 0.036758 0.190676
0 0.634746 0.651794 0.022695 0.170853
0 0.662837 0.583529 0.024053 0.073118
0 0.792002 0.588978 0.020488 0.109632
0 0.824619 0.620772 0.025840 0.045074
0 0.824463 0.571890 0.029941 0.083044
0 0.887148 0.549566 0.012910 0.082074
0 0.936895 0.548478 0.026484 0.055044
0 0.913481 0.550787 0.021670 0.055691
0 0.951890 0.541559 0.018389 0.062294
0 0.974434 0.558699 0.010508 0.081397
0 0.910962 0.506618 0.014443 0.031971
