0 0.049309 0.419524 0.052739 0.262168
0 0.019341 0.428971 0.038682 0.269253
0 0.074890 0.397678 0.048804 0.211385
0 0.213606 0.325271 0.027710 0.176549
0 0.232773 0.336945 0.020498 0.139531
0 0.263711 0.325557 0.017842 0.158894
0 0.286294 0.327549 0.018223 0.123011
0 0.148091 0.494513 0.125937 0.473553
0 0.335071 0.358586 0.033022 0.186227
0 0.153125 0.289780 0.017080 0.046505
0 0.178748 0.295473 0.018979 0.069289
0 0.541956 0.378249 0.162671 0.444821
0 0.465215 0.345773 0.129873 0.366095
0 0.750537 0.444678 0.081338 0.461546
0 0.880083 0.507168 0.110850 0.531421
0 0.969287 0.483553 0.059688 0.196821
0 0.641206 0.395945 0.041436 0.133839
0 0.720127 0.398081 0.029102 0.105832
0 0.707715 0.360520 0.011533 0.076352
0 0.368918 0.324758 0.013921 0.074513
0 0.298696 0.327366 0.013916 0.076886
