0 0.853458 0.897531 0.069300 0.204939
0 0.969858 0.862475 0.060283 0.203704
0 0.738075 0.891135 0.087733 0.217731
0 0.623429 0.874405 0.113542 0.251190
0 0.563708 0.900973 0.047183 0.198053
0 0.542204 0.847987 0.031742 0.094994
0 0.373458 0.897775 0.060800 0.203604
0 0.318704 0.893026 0.060092 0.206452
0 0.196217 0.800245 0.030583 0.074038
0 0.196929 0.914383 0.037692 0.169433
0 0.230350 0.906529 0.036983 0.186941
0 0.245637 0.867870 0.025592 0.133359
0 0.284925 0.889466 0.032350 0.186986
0 0.080308 0.878765 0.096000 0.242469
0 0.025042 0.903682 0.050083 0.192636
0 0.009754 0.835362 0.019508 0.079733
0 0.099150 0.821841 0.032000 0.062169
0 0.133463 0.892314 0.038042 0.176552
0 0.153017 0.844383 0.024533 0.078776
0 0.171863 0.881162 0.029508 0.165640
0 0.771571 0.882581 0.035308 0.164449
0 0.801575 0.899744 0.040883 0.200512
0 0.703267 0.823215 0.022050 0.035128
