0 0.685511 0.540333 0.024308 0.151625
0 0.942482 0.565979 0.063603 0.266292
0 0.985939 0.575927 0.028122 0.227937
0 0.870475 0.568823 0.032406 0.166854
0 0.849272 0.553198 0.029202 0.179646
0 0.737136 0.549562 0.033099 0.172583
0 0.760170 0.545260 0.027782 0.141771
0 0.896520 0.503135 0.029167 0.149562
0 0.744079 0.465948 0.022453 0.067813
0 0.710863 0.543406 0.027782 0.161062
0 0.648005 0.525740 0.025704 0.142188
0 0.580687 0.512552 0.022688 0.126562
0 0.608421 0.491812 0.020599 0.099083
0 0.560153 0.494104 0.018052 0.097792
0 0.522066 0.505188 0.023850 0.115875
0 0.539660 0.497583 0.018286 0.095750
0 0.487224 0.507042 0.020833 0.111375
0 0.414654 0.497583 0.014120 0.094917
0 0.437218 0.500260 0.014812 0.092063
0 0.464542 0.510740 0.017136 0.091646
0 0.369536 0.486146 0.013697 0.064375
0 0.354777 0.488375 0.009249 0.059250
0 0.116984 0.488510 0.015282 0.088354
0 0.137606 0.492125 0.018803 0.085917
