0 0.079680 0.602260 0.051703 0.264251
0 0.053820 0.579206 0.041359 0.276219
0 0.096383 0.530224 0.030234 0.130425
0 0.130984 0.598345 0.046937 0.264251
0 0.156055 0.571566 0.035797 0.226667
0 0.208750 0.587494 0.077562 0.326846
0 0.265437 0.582383 0.060469 0.324631
0 0.350250 0.603445 0.102625 0.405951
0 0.376258 0.570638 0.028641 0.243289
0 0.438070 0.540224 0.040578 0.261745
0 0.484922 0.703624 0.131406 0.499732
0 0.491086 0.486913 0.079734 0.166309
0 0.550195 0.643881 0.063234 0.480246
0 0.622367 0.578333 0.054984 0.286376
0 0.678383 0.706275 0.105172 0.483199
0 0.793516 0.670347 0.092094 0.555056
0 0.866023 0.584239 0.065297 0.351342
0 0.925375 0.459922 0.031500 0.123020
0 0.717977 0.582595 0.071109 0.339642
0 0.649477 0.471197 0.035328 0.120962
0 0.596492 0.583266 0.047734 0.316421
0 0.402922 0.555962 0.032156 0.252013
