0 0.040335 0.781740 0.080669 0.436521
0 0.152518 0.773479 0.115763 0.453042
0 0.077259 0.769292 0.033885 0.231000
0 0.111948 0.740323 0.037347 0.182479
0 0.068245 0.648062 0.029261 0.045792
0 0.268175 0.802906 0.040646 0.200271
0 0.289032 0.804333 0.019777 0.193625
0 0.343574 0.767083 0.018181 0.136208
0 0.355076 0.759250 0.013369 0.146167
0 0.251467 0.729583 0.021127 0.081167
0 0.237964 0.734333 0.013369 0.067875
0 0.484806 0.800396 0.059683 0.282250
0 0.529396 0.776542 0.025411 0.147625
0 0.586180 0.818906 0.046585 0.310271
0 0.610634 0.787135 0.043122 0.243979
0 0.687647 0.754885 0.027265 0.133271
0 0.708345 0.770542 0.015399 0.083708
0 0.765323 0.788531 0.089824 0.422937
0 0.873492 0.808896 0.107570 0.382208
0 0.980270 0.825635 0.039460 0.348729
0 0.980100 0.715302 0.023392 0.115896
