0 0.548173 0.870743 0.058580 0.258513
0 0.588335 0.871075 0.050150 0.235503
0 0.502905 0.739415 0.027515 0.055030
0 0.540184 0.759832 0.043492 0.086390
0 0.622471 0.811998 0.028758 0.177517
0 0.662946 0.851323 0.035148 0.297353
0 0.698626 0.852388 0.061778 0.295223
0 0.747888 0.841383 0.066570 0.317233
0 0.185675 0.879383 0.108640 0.232620
0 0.891196 0.815373 0.111837 0.369253
0 0.980184 0.806257 0.039633 0.369327
0 0.291350 0.886750 0.086095 0.226500
0 0.038944 0.859885 0.077887 0.280230
0 0.261395 0.799300 0.038610 0.100593
0 0.093864 0.855867 0.031953 0.188167
0 0.358141 0.918288 0.059913 0.163423
0 0.361025 0.792493 0.064795 0.097633
0 0.414202 0.873868 0.054960 0.252263
0 0.461174 0.870033 0.079882 0.259933
0 0.239870 0.794268 0.033730 0.096450
