0 0.222942 0.582979 0.034579 0.109347
0 0.254100 0.587424 0.025452 0.082681
0 0.413498 0.493451 0.082069 0.270625
0 0.425656 0.477736 0.059282 0.173583
0 0.018297 0.628653 0.025042 0.157917
0 0.009900 0.562868 0.018023 0.071958
0 0.041432 0.579076 0.013290 0.079653
0 0.058610 0.582368 0.018023 0.084597
0 0.095413 0.582236 0.013745 0.090361
0 0.116440 0.619521 0.027923 0.174403
0 0.130846 0.602708 0.016270 0.159778
0 0.166683 0.551299 0.027266 0.075153
0 0.151622 0.584917 0.012973 0.087000
0 0.190876 0.537264 0.029907 0.071583
0 0.207158 0.547542 0.008093 0.041194
0 0.262131 0.549326 0.012062 0.045319
0 0.277320 0.549882 0.008247 0.040375
0 0.294347 0.546035 0.016649 0.053014
0 0.326340 0.550569 0.020772 0.080194
0 0.510436 0.545806 0.009676 0.021750
0 0.524073 0.549562 0.011436 0.018986
0 0.642514 0.524660 0.009768 0.028958
0 0.674463 0.518201 0.015197 0.037903
0 0.727888 0.507653 0.020888 0.026028
0 0.855533 0.591958 0.036502 0.188250
0 0.899309 0.617535 0.038000 0.213569
0 0.880838 0.557028 0.017413 0.118167
0 0.984297 0.568257 0.031405 0.181931
