0 0.903408 0.684754 0.052585 0.192312
0 0.674654 0.705094 0.051369 0.195188
0 0.693696 0.685167 0.041700 0.177510
0 0.652900 0.617782 0.017523 0.055063
0 0.631896 0.673044 0.031731 0.155732
0 0.318004 0.725921 0.045254 0.228996
0 0.376904 0.639399 0.013346 0.073964
0 0.347442 0.643164 0.008808 0.063692
0 0.356258 0.646072 0.009315 0.072249
0 0.246085 0.677751 0.033246 0.125335
0 0.194462 0.677411 0.031723 0.120533
0 0.125335 0.689221 0.046085 0.169508
0 0.171042 0.645565 0.010638 0.055293
0 0.154865 0.639299 0.016177 0.043996
0 0.082362 0.635350 0.014277 0.040450
0 0.107212 0.635936 0.020254 0.053107
