0 0.386981 0.709451 0.077962 0.252667
0 0.330458 0.752741 0.063669 0.159017
0 0.232358 0.735246 0.129931 0.314508
0 0.143354 0.741255 0.107846 0.298598
0 0.075138 0.717406 0.122138 0.282699
0 0.024577 0.754508 0.049154 0.289770
0 0.543550 0.624644 0.053269 0.139582
0 0.507169 0.577819 0.040277 0.123672
0 0.451946 0.574283 0.049369 0.098944
0 0.421408 0.584006 0.042877 0.097176
0 0.397373 0.576051 0.054577 0.091872
0 0.367488 0.584890 0.033777 0.102479
0 0.329158 0.568101 0.035085 0.086579
0 0.308369 0.567395 0.024692 0.070669
0 0.633854 0.591250 0.062369 0.128985
