0 0.196040 0.596598 0.175537 0.806804
0 0.296558 0.550257 0.147100 0.843680
0 0.462773 0.570125 0.132383 0.795088
0 0.362261 0.506818 0.074521 0.636070
0 0.532891 0.512705 0.076484 0.627229
0 0.563779 0.411848 0.079434 0.558035
0 0.647139 0.414795 0.099043 0.599267
0 0.716270 0.470740 0.047070 0.549194
0 0.756968 0.442771 0.087275 0.537419
0 0.928252 0.555374 0.143496 0.889252
0 0.875132 0.500000 0.227510 1.000000
0 0.051396 0.528167 0.100020 0.643431
0 0.070029 0.296268 0.037266 0.173739
0 0.097979 0.330865 0.042168 0.234106
