0 0.106979 0.557613 0.173203 0.818409
0 0.172448 0.289637 0.065052 0.198762
0 0.258236 0.527063 0.135794 0.695697
0 0.297676 0.322642 0.079701 0.260138
0 0.361510 0.473566 0.108151 0.684656
0 0.435104 0.496876 0.107344 0.608605
0 0.435918 0.193261 0.058555 0.111788
0 0.498945 0.299450 0.075625 0.247859
0 0.520495 0.212338 0.060182 0.176699
0 0.575384 0.443006 0.140690 0.696935
0 0.677845 0.517250 0.098398 0.680982
0 0.667682 0.203752 0.107344 0.184047
0 0.753073 0.531356 0.061797 0.687112
0 0.794544 0.570619 0.076432 0.667485
0 0.899036 0.614794 0.126042 0.728841
0 0.877897 0.235039 0.090273 0.229450
