0 0.267041 0.683651 0.141211 0.613988
0 0.587710 0.667713 0.274580 0.664575
0 0.443066 0.622544 0.173574 0.653739
0 0.233701 0.435550 0.117676 0.285645
0 0.295967 0.414941 0.108848 0.344545
0 0.356768 0.481935 0.087285 0.354839
0 0.468560 0.402419 0.106885 0.310674
0 0.513672 0.352361 0.055898 0.175220
0 0.673511 0.551136 0.144150 0.502097
0 0.726958 0.614450 0.084326 0.646378
0 0.848560 0.630645 0.123564 0.664047
0 0.916714 0.406840 0.114736 0.328343
0 0.955659 0.663035 0.088682 0.590440
0 0.792168 0.453218 0.069629 0.235587
