0 0.009188 0.575183 0.018377 0.253542
0 0.014473 0.515726 0.028946 0.256280
0 0.111704 0.565956 0.075962 0.401839
0 0.072208 0.549901 0.040246 0.305486
0 0.168808 0.518459 0.052323 0.287722
0 0.265904 0.571426 0.079485 0.438757
0 0.232446 0.444650 0.029677 0.141463
0 0.321496 0.545799 0.045777 0.272685
0 0.346146 0.496933 0.025662 0.241933
0 0.331558 0.383145 0.015592 0.038955
0 0.388158 0.427905 0.033208 0.136688
0 0.397465 0.563224 0.047792 0.299342
0 0.431423 0.588166 0.044277 0.332821
0 0.480727 0.525637 0.056346 0.313009
0 0.565496 0.542382 0.069931 0.297283
0 0.520719 0.536573 0.027669 0.267900
0 0.619081 0.530758 0.063392 0.335559
0 0.720704 0.537597 0.069423 0.341024
0 0.692027 0.538276 0.035223 0.320522
0 0.657062 0.473694 0.024646 0.140784
0 0.577323 0.430298 0.022138 0.063563
0 0.538831 0.406719 0.018615 0.034169
0 0.741223 0.407816 0.011323 0.023344
0 0.803062 0.549906 0.070431 0.362215
0 0.837650 0.401834 0.025577 0.059237
0 0.892781 0.535104 0.051146 0.255141
