0 0.179040 0.673882 0.200187 0.553365
0 0.463560 0.777613 0.398613 0.444774
0 0.843033 0.695103 0.222813 0.530056
0 0.793860 0.576701 0.171453 0.425771
0 0.713347 0.549709 0.095733 0.349680
0 0.779500 0.363825 0.080067 0.112876
0 0.710740 0.398186 0.111400 0.235583
0 0.628927 0.485291 0.107933 0.316560
0 0.550593 0.463214 0.090520 0.292030
0 0.483667 0.445414 0.092267 0.317782
0 0.426567 0.443581 0.100093 0.287124
0 0.364773 0.482227 0.120987 0.327613
0 0.301673 0.393271 0.047000 0.127594
0 0.283920 0.523947 0.096613 0.285902
0 0.256940 0.325780 0.046120 0.137425
0 0.254767 0.252773 0.053960 0.116560
0 0.145013 0.282227 0.073120 0.123929
0 0.038880 0.268111 0.067973 0.157049
0 0.493633 0.189586 0.105400 0.206128
0 0.520173 0.266889 0.053867 0.088327
0 0.623707 0.247876 0.095733 0.182820
0 0.759473 0.284060 0.085293 0.152143
0 0.887073 0.316588 0.073987 0.114117
0 0.819187 0.326391 0.053093 0.146015
0 0.313513 0.252782 0.042653 0.119023
0 0.401847 0.204925 0.053960 0.128835
0 0.370520 0.217810 0.034827 0.073628
