0 0.624404 0.707356 0.062284 0.146992
0 0.541351 0.647203 0.048448 0.113697
0 0.497845 0.636001 0.048448 0.105795
0 0.355223 0.582438 0.044986 0.089646
0 0.406386 0.583927 0.041537 0.088659
0 0.334705 0.521964 0.020761 0.033295
0 0.508721 0.548659 0.034598 0.077452
0 0.546782 0.544540 0.031638 0.072510
0 0.605618 0.551461 0.040546 0.090967
0 0.682486 0.548827 0.039052 0.083056
0 0.631818 0.504828 0.023721 0.060977
0 0.668398 0.494775 0.027687 0.051408
0 0.599310 0.471743 0.024310 0.058506
0 0.577471 0.458534 0.023477 0.063448
0 0.562845 0.480642 0.020603 0.062069
0 0.758534 0.467074 0.022241 0.051351
0 0.776243 0.468697 0.016480 0.046418
0 0.786300 0.444780 0.016595 0.031092
0 0.856681 0.484468 0.017845 0.051044
0 0.872299 0.484583 0.014770 0.045776
0 0.853937 0.455287 0.026092 0.026552
0 0.923111 0.495565 0.023693 0.052184
0 0.312320 0.302423 0.046968 0.093927
0 0.854382 0.294454 0.018793 0.061303
0 0.873693 0.297423 0.017845 0.071188
