0 0.124091 0.621028 0.118590 0.560741
0 0.239558 0.675016 0.123445 0.560741
0 0.346354 0.619802 0.097086 0.553382
0 0.444136 0.627161 0.097086 0.568100
0 0.538796 0.594650 0.095009 0.559509
0 0.652180 0.621644 0.115121 0.603685
0 0.748923 0.591581 0.108879 0.597547
0 0.902876 0.497103 0.135227 0.725146
0 0.785678 0.438820 0.136619 0.674843
0 0.677841 0.391581 0.102631 0.595084
0 0.583525 0.335141 0.099864 0.423309
0 0.504814 0.356002 0.103327 0.469937
0 0.405649 0.359066 0.142165 0.515334
0 0.301277 0.359676 0.110956 0.415950
0 0.211817 0.379922 0.115115 0.434353
0 0.114038 0.524097 0.133150 0.703058
0 0.021802 0.305078 0.031900 0.142328
