0 0.229483 0.586426 0.151328 0.176890
0 0.020470 0.927126 0.040940 0.145748
0 0.184075 0.904759 0.062553 0.151014
0 0.146863 0.885412 0.040180 0.106155
0 0.040938 0.881304 0.026483 0.108208
0 0.116501 0.814220 0.029677 0.023287
0 0.274933 0.920466 0.049767 0.159069
0 0.303926 0.895172 0.044747 0.156489
0 0.356432 0.896748 0.046573 0.138343
0 0.413777 0.894864 0.057986 0.141425
0 0.133668 0.842472 0.019175 0.026366
0 0.590927 0.894315 0.059812 0.132178
0 0.700233 0.896576 0.073962 0.131835
0 0.777667 0.871065 0.037892 0.108894
0 0.816932 0.890069 0.058897 0.125671
0 0.920074 0.885789 0.047026 0.095193
0 0.910484 0.835588 0.049767 0.043487
0 0.872590 0.851684 0.035155 0.079102
0 0.888797 0.887296 0.032872 0.099648
