0 0.917901 0.404643 0.066264 0.451708
0 0.984374 0.405627 0.031253 0.455646
0 0.955625 0.441545 0.035428 0.370026
0 0.769626 0.438594 0.059703 0.350347
0 0.807350 0.404640 0.041989 0.306062
0 0.846386 0.378007 0.036070 0.186802
0 0.840956 0.287170 0.021261 0.052397
0 0.873419 0.403065 0.032272 0.286464
0 0.726249 0.422018 0.044192 0.305484
0 0.670892 0.430561 0.058319 0.285668
0 0.700963 0.342402 0.029158 0.103878
0 0.595799 0.430118 0.046826 0.262453
0 0.614941 0.409946 0.028793 0.208823
0 0.561945 0.459307 0.039232 0.245839
0 0.539640 0.458119 0.021832 0.218789
0 0.532046 0.451712 0.030691 0.224007
0 0.511006 0.456220 0.026578 0.200753
0 0.516226 0.352521 0.010442 0.030377
0 0.467977 0.449336 0.037334 0.232551
0 0.490439 0.456458 0.023413 0.207872
0 0.443771 0.439133 0.038285 0.204551
0 0.423365 0.460255 0.031638 0.170852
0 0.400742 0.448863 0.024361 0.185090
0 0.386819 0.452898 0.028159 0.165634
0 0.361193 0.451950 0.021199 0.175124
0 0.313709 0.458039 0.021093 0.127877
0 0.283497 0.427849 0.015819 0.058994
0 0.293824 0.424884 0.011866 0.035265
0 0.295912 0.415655 0.012086 0.039880
0 0.252847 0.452568 0.011207 0.070197
0 0.260207 0.443339 0.010545 0.041858
0 0.268008 0.432466 0.010765 0.027354
0 0.236257 0.435430 0.012303 0.034602
0 0.246585 0.417303 0.009227 0.019443
0 0.282179 0.419610 0.016259 0.041199
0 0.270094 0.416314 0.011427 0.015488
0 0.327332 0.413052 0.008350 0.021421
