0 0.200229 0.580231 0.070713 0.260622
0 0.295984 0.535327 0.059904 0.247368
0 0.347059 0.533852 0.040266 0.232648
0 0.404021 0.530909 0.044191 0.206124
0 0.446739 0.575821 0.066777 0.304785
0 0.516963 0.568453 0.071691 0.319522
0 0.502718 0.514713 0.039287 0.161962
0 0.561649 0.542687 0.033383 0.212010
0 0.600441 0.520606 0.048117 0.176683
0 0.648074 0.519131 0.047149 0.185534
0 0.715351 0.511770 0.059915 0.173748
0 0.819457 0.483796 0.044191 0.159011
0 0.854809 0.480112 0.038298 0.154609
0 0.892622 0.463915 0.033394 0.169330
0 0.899989 0.447719 0.044191 0.107496
0 0.356388 0.457289 0.035351 0.067719
0 0.377989 0.449195 0.019638 0.078038
