0 0.054156 0.701758 0.108311 0.596484
0 0.118532 0.722756 0.076159 0.554489
0 0.154444 0.704888 0.056344 0.485786
0 0.189119 0.707756 0.045201 0.584489
0 0.233393 0.694389 0.058198 0.557756
0 0.277358 0.695137 0.047055 0.553267
0 0.313888 0.668903 0.033440 0.479800
0 0.357544 0.716758 0.056344 0.566484
0 0.390669 0.716883 0.048301 0.551771
0 0.433393 0.719127 0.058198 0.508279
0 0.485716 0.708628 0.060062 0.556259
0 0.523486 0.698890 0.046437 0.518778
0 0.583239 0.721247 0.068105 0.557506
0 0.622868 0.714638 0.066869 0.553267
0 0.672709 0.701147 0.060062 0.535262
0 0.710175 0.699638 0.048301 0.517282
0 0.758471 0.727244 0.061926 0.545511
0 0.800263 0.725748 0.055108 0.548504
0 0.840515 0.686895 0.062533 0.563766
0 0.861565 0.516721 0.031576 0.184414
0 0.887570 0.707756 0.057590 0.584489
0 0.947322 0.720623 0.078023 0.556259
0 0.824413 0.377282 0.073687 0.247382
0 0.766828 0.393030 0.056354 0.233890
0 0.748563 0.344289 0.056962 0.238404
0 0.701504 0.365287 0.071823 0.250374
0 0.669619 0.409514 0.048919 0.203915
0 0.638656 0.349539 0.035294 0.161920
0 0.658471 0.273828 0.043965 0.151446
0 0.599645 0.402020 0.065015 0.218903
0 0.567451 0.394526 0.063780 0.254888
0 0.592214 0.304551 0.037775 0.158928
0 0.527199 0.277569 0.042719 0.158928
0 0.488193 0.390773 0.066251 0.382344
0 0.462492 0.279077 0.050772 0.188928
0 0.434634 0.407269 0.049537 0.223416
0 0.387261 0.396022 0.050154 0.215885
0 0.416982 0.300062 0.036540 0.176933
0 0.388811 0.270075 0.027240 0.146933
0 0.415129 0.221359 0.040247 0.181421
0 0.356921 0.213840 0.048919 0.145436
0 0.362492 0.324052 0.040247 0.164913
0 0.335247 0.384027 0.046437 0.185910
0 0.298409 0.369776 0.044583 0.193416
0 0.308934 0.292556 0.028476 0.131945
0 0.282930 0.225100 0.027240 0.134938
0 0.314820 0.177868 0.041483 0.184414
0 0.259089 0.396022 0.046437 0.203915
0 0.224104 0.410262 0.047055 0.247406
0 0.245463 0.297818 0.024150 0.139426
0 0.190360 0.397519 0.071205 0.251895
0 0.160639 0.288067 0.048919 0.197930
0 0.140206 0.410274 0.051390 0.244389
0 0.085711 0.352544 0.084830 0.215910
0 0.092832 0.506222 0.049537 0.259377
