0 0.086663 0.558155 0.035590 0.090168
0 0.315892 0.721415 0.045558 0.219266
0 0.447060 0.680325 0.024324 0.116268
0 0.487995 0.678349 0.026698 0.116279
0 0.552068 0.686808 0.026698 0.147516
0 0.533526 0.664072 0.019285 0.092547
0 0.574367 0.652510 0.019285 0.095252
0 0.589072 0.652348 0.017547 0.088994
0 0.621333 0.649717 0.017791 0.090964
0 0.509796 0.632191 0.011667 0.061803
0 0.536576 0.613307 0.011329 0.031352
0 0.553998 0.611017 0.013215 0.025409
0 0.339426 0.639974 0.012186 0.067285
0 0.361914 0.638024 0.009096 0.071184
0 0.411266 0.654507 0.015110 0.082621
0 0.421820 0.640430 0.011847 0.076897
0 0.440959 0.623836 0.016824 0.042348
0 0.399163 0.624638 0.010134 0.059046
0 0.372382 0.620404 0.010126 0.056069
0 0.462850 0.630356 0.011502 0.058134
0 0.457268 0.605409 0.004803 0.022432
0 0.497091 0.616866 0.010991 0.043962
0 0.490483 0.619256 0.010134 0.030901
0 0.528675 0.610561 0.009269 0.023113
0 0.325715 0.299979 0.028475 0.102034
0 0.305425 0.297605 0.029182 0.085901
0 0.305071 0.183936 0.026336 0.093973
0 0.327315 0.188208 0.030967 0.102516
0 0.885079 0.220477 0.024560 0.097767
0 0.853404 0.264623 0.016730 0.075933
