0 0.217176 0.671294 0.258571 0.562365
0 0.118670 0.539746 0.143538 0.282540
0 0.067044 0.485468 0.095363 0.203794
0 0.265648 0.519127 0.122901 0.197397
0 0.385099 0.582675 0.139604 0.381317
0 0.495714 0.554627 0.091429 0.241413
0 0.466703 0.450952 0.064879 0.079524
0 0.539945 0.531198 0.054088 0.258460
0 0.599429 0.591190 0.102242 0.338698
0 0.582714 0.417944 0.076681 0.058937
0 0.635802 0.439603 0.043253 0.090889
0 0.683000 0.532619 0.090440 0.272667
0 0.707088 0.430365 0.042264 0.069587
0 0.772967 0.548587 0.107165 0.313143
0 0.833912 0.579476 0.107165 0.293968
0 0.939330 0.638056 0.121341 0.465095
0 0.880132 0.463738 0.085538 0.149127
