0 0.037793 0.801792 0.048005 0.242833
0 0.008498 0.796104 0.016995 0.221542
0 0.103797 0.800729 0.032805 0.225083
0 0.080998 0.782979 0.036009 0.223667
0 0.139601 0.791135 0.029202 0.210187
0 0.163410 0.796458 0.024800 0.222250
0 0.245018 0.854031 0.053603 0.291938
0 0.205006 0.841917 0.044002 0.239292
0 0.202606 0.723688 0.038404 0.089458
0 0.254014 0.729010 0.025211 0.098688
0 0.280018 0.800365 0.031608 0.194562
0 0.310423 0.797531 0.035610 0.225812
0 0.322623 0.702021 0.025599 0.070292
0 0.338022 0.822385 0.034002 0.231479
0 0.374425 0.816698 0.038005 0.215854
0 0.368826 0.702021 0.034812 0.084500
0 0.343222 0.698115 0.024401 0.078104
0 0.413228 0.819896 0.041197 0.244958
0 0.390428 0.716938 0.025200 0.101542
0 0.443832 0.806052 0.032805 0.228646
0 0.429836 0.705573 0.019202 0.073146
0 0.405235 0.685333 0.018803 0.049708
0 0.481238 0.829844 0.045200 0.210896
0 0.540640 0.873156 0.051209 0.246396
0 0.526438 0.703094 0.022805 0.059646
0 0.572042 0.700250 0.018005 0.046875
0 0.584442 0.889885 0.042007 0.220229
0 0.622048 0.885990 0.044401 0.228021
0 0.607248 0.713750 0.017195 0.035500
0 0.631250 0.715875 0.029214 0.056792
0 0.695651 0.858646 0.062805 0.282708
0 0.731461 0.800375 0.033603 0.218708
0 0.765065 0.824156 0.036796 0.233604
0 0.766262 0.699542 0.023204 0.061083
0 0.852271 0.884563 0.055998 0.230875
0 0.812066 0.798948 0.038803 0.218688
0 0.800663 0.675396 0.015998 0.032667
0 0.853269 0.726177 0.022805 0.094438
0 0.872670 0.709125 0.024002 0.051833
0 0.886074 0.840844 0.036397 0.232896
0 0.900475 0.761677 0.025998 0.146979
0 0.956678 0.843688 0.028803 0.221542
0 0.988539 0.873510 0.022923 0.200229
0 0.844225 0.126490 0.100235 0.252979
