0 0.819740 0.745517 0.143380 0.508966
0 0.866880 0.719985 0.037320 0.354843
0 0.988925 0.690540 0.022150 0.351904
0 0.945935 0.711154 0.071690 0.369565
0 0.724475 0.675817 0.066790 0.278291
0 0.692555 0.676552 0.059910 0.256192
0 0.656220 0.671394 0.054020 0.281229
0 0.629215 0.686859 0.049110 0.285652
0 0.560470 0.681709 0.039280 0.284168
0 0.510380 0.698636 0.096240 0.406387
0 0.460295 0.703793 0.045170 0.278291
0 0.408245 0.660352 0.058930 0.276807
0 0.348335 0.697894 0.051070 0.275337
0 0.433780 0.665510 0.035360 0.272399
