0 0.068944 0.724525 0.068163 0.311717
0 0.169600 0.709967 0.058575 0.315267
0 0.109687 0.670208 0.047400 0.254217
0 0.022350 0.632567 0.025025 0.150533
0 0.213006 0.637183 0.048462 0.213733
0 0.258006 0.646067 0.041538 0.204500
0 0.329900 0.768000 0.100125 0.464000
0 0.457444 0.780783 0.143263 0.438433
0 0.570344 0.727367 0.047388 0.382733
0 0.539719 0.667367 0.044738 0.293967
0 0.398331 0.590325 0.037812 0.070283
0 0.427356 0.577900 0.036213 0.071000
0 0.657037 0.741575 0.083075 0.440950
0 0.743844 0.739442 0.084138 0.402617
0 0.767231 0.541025 0.052812 0.161550
0 0.852044 0.616467 0.037713 0.086400
0 0.934550 0.680667 0.069675 0.166267
