0 0.334510 0.978909 0.037620 0.042181
0 0.303617 0.983053 0.024953 0.033894
0 0.379237 0.963909 0.050193 0.072181
0 0.412470 0.952266 0.036900 0.095468
0 0.440893 0.939084 0.066240 0.121833
0 0.492463 0.911559 0.064407 0.148954
0 0.514580 0.869607 0.048133 0.110269
0 0.555493 0.830742 0.052493 0.116086
0 0.570277 0.811225 0.055927 0.106494
0 0.606030 0.792047 0.071967 0.151006
0 0.756867 0.790015 0.154467 0.345090
0 0.870473 0.752993 0.259053 0.494014
0 0.892080 0.580189 0.088400 0.236454
0 0.955767 0.629895 0.076040 0.152659
0 0.940083 0.478297 0.053233 0.093725
0 0.672990 0.768855 0.072887 0.154502
0 0.683303 0.745229 0.050060 0.138486
0 0.471110 0.570588 0.018980 0.030817
