0 0.082013 0.624515 0.164027 0.354850
0 0.255313 0.592120 0.194360 0.410800
0 0.492853 0.607580 0.288587 0.456440
0 0.666600 0.612735 0.176693 0.372510
0 0.866840 0.616415 0.196320 0.326870
0 0.965813 0.554580 0.068373 0.282700
0 0.940293 0.396295 0.119413 0.213490
0 0.818747 0.416905 0.155093 0.175210
0 0.655800 0.439730 0.151173 0.212020
0 0.738260 0.398500 0.080493 0.150180
0 0.538007 0.416170 0.147240 0.220860
0 0.440833 0.425005 0.172760 0.185530
0 0.271020 0.416175 0.182573 0.191410
0 0.135553 0.384515 0.131533 0.181110
0 0.018207 0.341080 0.036413 0.100120
0 0.029007 0.444150 0.058013 0.159020
0 0.054087 0.345495 0.070680 0.126630
0 0.207213 0.338135 0.066747 0.108950
0 0.472247 0.331510 0.078520 0.083920
0 0.591993 0.348440 0.074600 0.085400
0 0.633227 0.321935 0.043200 0.041230
0 0.729427 0.394820 0.066747 0.142820
0 0.755927 0.324880 0.060867 0.061840
0 0.853100 0.345500 0.054973 0.073620
0 0.893347 0.352120 0.041227 0.069200
