0 0.100788 0.685529 0.201576 0.588397
0 0.190051 0.601354 0.166237 0.406437
0 0.259826 0.527375 0.121347 0.343515
0 0.253148 0.258688 0.107992 0.285689
0 0.350203 0.443628 0.072169 0.248753
0 0.371318 0.405629 0.057059 0.203658
0 0.385462 0.372827 0.039500 0.124371
0 0.415453 0.389911 0.049737 0.207755
0 0.459097 0.283640 0.051212 0.183836
0 0.901250 0.683367 0.197500 0.436948
0 0.885017 0.534816 0.229627 0.423266
0 0.755809 0.457512 0.153788 0.272601
0 0.751369 0.370172 0.070924 0.147613
0 0.718343 0.317714 0.029263 0.084857
0 0.700055 0.333373 0.026822 0.096817
0 0.692538 0.278414 0.020720 0.025618
0 0.973144 0.342880 0.030068 0.160606
0 0.983305 0.320392 0.030068 0.193064
0 0.961534 0.274620 0.017068 0.117553
