0 0.036616 0.579187 0.073232 0.571288
0 0.079121 0.359802 0.062852 0.179634
0 0.123320 0.576252 0.104102 0.586003
0 0.172910 0.378946 0.052051 0.161962
0 0.212197 0.547533 0.107051 0.452020
0 0.312368 0.591713 0.091338 0.454963
0 0.238223 0.376742 0.058926 0.178170
0 0.362451 0.529868 0.065801 0.381347
0 0.430708 0.557108 0.070713 0.515329
0 0.463608 0.390725 0.042236 0.138404
0 0.504854 0.583616 0.065801 0.480000
0 0.576055 0.582138 0.086426 0.468228
0 0.642344 0.555637 0.075625 0.424041
0 0.723857 0.574041 0.075625 0.440234
0 0.788184 0.587291 0.076602 0.487350
0 0.849072 0.559978 0.056953 0.494568
0 0.938442 0.583609 0.106064 0.530059
0 0.767559 0.381896 0.051074 0.144290
0 0.763140 0.295022 0.046162 0.088346
0 0.707651 0.303858 0.053037 0.191406
0 0.687031 0.400300 0.058926 0.189941
0 0.648730 0.322262 0.084453 0.195827
0 0.598643 0.328814 0.066777 0.138565
0 0.568691 0.283243 0.061875 0.153133
0 0.538735 0.320791 0.068740 0.133997
0 0.493066 0.308272 0.055977 0.141347
0 0.440527 0.317108 0.072676 0.203177
0 0.380132 0.335520 0.095264 0.192884
0 0.388481 0.495271 0.074639 0.406384
0 0.339375 0.306801 0.086426 0.138404
0 0.308442 0.354656 0.063838 0.113382
0 0.283892 0.303119 0.067764 0.110425
0 0.227910 0.325205 0.073652 0.119253
0 0.186172 0.290608 0.094277 0.164905
