0 0.078125 0.917489 0.051536 0.165021
0 0.052767 0.873629 0.048263 0.153374
0 0.127615 0.934054 0.050716 0.131893
0 0.171376 0.928532 0.056442 0.142935
0 0.220047 0.933441 0.062168 0.133118
0 0.205733 0.858292 0.012271 0.053985
0 0.307164 0.914422 0.044988 0.171155
0 0.386918 0.919944 0.050714 0.160112
0 0.437225 0.920255 0.036809 0.131289
0 0.337838 0.911666 0.027811 0.106745
0 0.472808 0.918717 0.034356 0.162567
0 0.530886 0.919944 0.058897 0.160112
0 0.643360 0.921784 0.043354 0.156433
0 0.700620 0.915035 0.033539 0.169930
0 0.750927 0.926078 0.040899 0.147844
0 0.776284 0.919329 0.031084 0.161341
0 0.818003 0.911968 0.065440 0.176064
0 0.912891 0.928532 0.062168 0.142935
0 0.967287 0.924851 0.056442 0.150298
