0 0.281577 0.852606 0.048679 0.281186
0 0.328464 0.843220 0.065833 0.313559
0 0.384321 0.838400 0.061048 0.312436
0 0.472899 0.825975 0.032321 0.235042
0 0.505417 0.783369 0.027929 0.169703
0 0.518976 0.781600 0.026333 0.188877
0 0.638679 0.854015 0.043095 0.265572
0 0.663613 0.836621 0.033107 0.195275
0 0.670994 0.768453 0.017560 0.131356
0 0.718274 0.831653 0.029929 0.220847
0 0.736827 0.792956 0.037512 0.211589
0 0.785780 0.837172 0.052202 0.280487
0 0.839470 0.841960 0.071821 0.316081
0 0.862417 0.826811 0.038571 0.252648
0 0.896679 0.787754 0.033952 0.204153
0 0.924595 0.781250 0.037905 0.180466
0 0.958500 0.788644 0.037905 0.237881
0 0.989893 0.809057 0.020214 0.258581
0 0.107262 0.833496 0.029929 0.151229
0 0.153940 0.817521 0.027524 0.177500
0 0.181869 0.811494 0.029929 0.176801
0 0.199625 0.816811 0.027131 0.174682
0 0.217780 0.805095 0.024345 0.172564
0 0.040435 0.796218 0.017560 0.082352
0 0.027661 0.823549 0.027131 0.115742
