0 0.209001 0.709888 0.240235 0.388408
0 0.483399 0.731895 0.178311 0.335859
0 0.726836 0.670122 0.154816 0.323076
0 0.880051 0.739707 0.104626 0.182480
0 0.942159 0.663730 0.115683 0.260586
0 0.622203 0.600181 0.090749 0.160479
0 0.534112 0.560771 0.104640 0.111484
0 0.404391 0.553315 0.033098 0.068174
0 0.340323 0.537339 0.077944 0.132783
0 0.388906 0.524204 0.064068 0.130654
0 0.604581 0.512485 0.085404 0.122842
0 0.689471 0.500771 0.062996 0.136328
0 0.792496 0.532725 0.051248 0.153379
0 0.842144 0.543730 0.041645 0.149824
0 0.766872 0.447871 0.076887 0.107227
0 0.707621 0.431538 0.054449 0.081650
0 0.710815 0.391064 0.052320 0.073145
0 0.529846 0.448579 0.064068 0.118584
0 0.593370 0.326450 0.020279 0.047568
