0 0.013368 0.640767 0.026737 0.241250
0 0.131411 0.672552 0.055263 0.248763
0 0.307532 0.635644 0.054705 0.174948
0 0.450163 0.631540 0.038516 0.172229
0 0.487563 0.628125 0.037400 0.172229
0 0.605637 0.602835 0.051358 0.161289
0 0.704163 0.599762 0.039632 0.156508
0 0.738216 0.610354 0.029589 0.147616
0 0.771711 0.683138 0.059737 0.287719
0 0.796837 0.585754 0.034053 0.131224
0 0.834237 0.621289 0.032937 0.132577
0 0.822237 0.563544 0.018979 0.075851
0 0.850142 0.595664 0.016747 0.099085
0 0.909042 0.602152 0.025116 0.123015
0 0.935837 0.596347 0.031821 0.123698
0 0.990389 0.625045 0.019221 0.171534
