0 0.138078 0.517200 0.124456 0.673612
0 0.241284 0.498187 0.081820 0.566874
0 0.314167 0.647269 0.112075 0.440486
0 0.432432 0.671191 0.120323 0.507967
0 0.562037 0.695114 0.133393 0.393869
0 0.495276 0.449105 0.108631 0.277299
0 0.627287 0.551563 0.107262 0.411047
0 0.853503 0.581009 0.118265 0.673612
0 0.734549 0.549719 0.136139 0.689575
0 0.673014 0.281009 0.096947 0.240501
0 0.618695 0.338672 0.074940 0.220865
0 0.567126 0.338672 0.069439 0.235584
0 0.518031 0.305546 0.101760 0.262564
0 0.433461 0.296958 0.097636 0.252762
0 0.382236 0.392663 0.102449 0.319014
0 0.312105 0.347876 0.088699 0.305524
