0 0.295826 0.710233 0.119472 0.535948
0 0.156267 0.676362 0.138085 0.538897
0 0.189077 0.470224 0.052878 0.229690
0 0.133257 0.395879 0.068555 0.142828
0 0.216990 0.395871 0.053865 0.148707
0 0.259593 0.412069 0.047007 0.128103
0 0.301703 0.399560 0.050929 0.123672
0 0.355562 0.621888 0.084220 0.503569
0 0.419220 0.618940 0.074427 0.512397
0 0.369673 0.398819 0.034278 0.145776
0 0.462706 0.373052 0.085206 0.164897
0 0.468584 0.519552 0.059736 0.234103
0 0.521955 0.638086 0.105768 0.429931
0 0.621462 0.629983 0.112626 0.469690
0 0.523521 0.373052 0.055826 0.132517
0 0.652792 0.409121 0.044071 0.128103
0 0.695889 0.606431 0.077374 0.387241
0 0.773744 0.547526 0.094025 0.340121
0 0.848079 0.584345 0.109690 0.387241
0 0.709501 0.412069 0.079323 0.151655
