0 0.082852 0.673073 0.065926 0.134624
0 0.132728 0.637706 0.041852 0.084367
0 0.169710 0.677330 0.082556 0.161890
0 0.166272 0.580193 0.041284 0.117596
0 0.206395 0.666248 0.047012 0.117596
0 0.203247 0.571248 0.025802 0.080954
0 0.232772 0.643679 0.043568 0.115028
0 0.279784 0.635147 0.040136 0.084349
0 0.319630 0.679881 0.070519 0.144862
0 0.346574 0.661138 0.045296 0.284587
0 0.324790 0.551220 0.033827 0.098844
0 0.439735 0.740807 0.074531 0.236037
0 0.390148 0.623642 0.044148 0.126110
0 0.447765 0.654321 0.033259 0.107358
0 0.472704 0.662422 0.037259 0.144000
0 0.437160 0.598945 0.017778 0.040899
0 0.504056 0.623642 0.026210 0.057193
0 0.555315 0.637945 0.028531 0.166679
0 0.636932 0.649532 0.033840 0.187872
0 0.649864 0.631532 0.026543 0.190330
0 0.681222 0.662358 0.030864 0.179982
0 0.705938 0.641642 0.037160 0.181963
