0 0.291382 0.791764 0.115635 0.416471
0 0.379028 0.806523 0.078115 0.386953
0 0.095786 0.662663 0.059053 0.179596
0 0.486973 0.737292 0.070117 0.325573
0 0.540483 0.729915 0.044287 0.294414
0 0.582617 0.729505 0.053516 0.280469
0 0.622739 0.688743 0.033740 0.198190
0 0.677197 0.725469 0.046133 0.244323
0 0.757285 0.774733 0.067910 0.330326
0 0.831958 0.782741 0.068174 0.354701
0 0.881416 0.736270 0.046133 0.249440
0 0.943950 0.753014 0.062529 0.273372
0 0.983955 0.744206 0.032090 0.226667
0 0.888672 0.620625 0.017520 0.046693
0 0.600093 0.620391 0.016045 0.054063
0 0.644351 0.621393 0.020518 0.046172
0 0.661011 0.637858 0.021260 0.063945
0 0.520269 0.607617 0.019873 0.040703
0 0.855156 0.623411 0.025215 0.058932
0 0.798652 0.624603 0.018984 0.068424
0 0.961641 0.640241 0.021055 0.050586
