0 0.058877 0.650651 0.098730 0.698698
0 0.174507 0.636266 0.084814 0.642948
0 0.316304 0.749141 0.121924 0.458897
0 0.243418 0.640561 0.095410 0.536203
0 0.208965 0.461420 0.053008 0.195099
0 0.256670 0.392703 0.054336 0.241718
0 0.278535 0.456510 0.055664 0.209801
0 0.344473 0.582884 0.098730 0.492025
0 0.348115 0.401293 0.053008 0.202441
0 0.390190 0.597613 0.077529 0.519024
0 0.398804 0.385344 0.043076 0.180380
0 0.450488 0.589024 0.080176 0.573020
0 0.477324 0.368165 0.041074 0.175461
0 0.516089 0.579819 0.090771 0.588969
0 0.597588 0.622152 0.081504 0.511646
0 0.555181 0.383499 0.057646 0.213508
0 0.624097 0.358960 0.064268 0.235570
0 0.668491 0.610497 0.086807 0.586492
0 0.706260 0.372459 0.020547 0.132514
0 0.745024 0.627676 0.071572 0.593870
0 0.794058 0.631971 0.056982 0.521483
0 0.799692 0.410497 0.082822 0.265045
0 0.865293 0.641175 0.064277 0.579132
0 0.915654 0.638101 0.090781 0.595081
