0 0.949150 0.597317 0.101700 0.402500
0 0.758992 0.581569 0.049938 0.310000
0 0.663462 0.597809 0.065862 0.358211
0 0.619246 0.575994 0.045646 0.318933
0 0.690585 0.527683 0.031708 0.168881
0 0.601296 0.460847 0.034023 0.086611
0 0.618892 0.463813 0.017446 0.022144
0 0.566538 0.568222 0.040138 0.261820
0 0.534550 0.535000 0.035485 0.219895
0 0.489031 0.535596 0.039262 0.203682
0 0.472015 0.453133 0.027923 0.034006
0 0.504738 0.438504 0.027046 0.054582
0 0.454188 0.590926 0.054500 0.301684
0 0.417038 0.472892 0.040138 0.110575
0 0.424888 0.573980 0.032808 0.222584
0 0.355088 0.586083 0.057238 0.329362
0 0.381438 0.530560 0.028277 0.198379
0 0.320535 0.565915 0.055838 0.296621
0 0.270277 0.567578 0.043277 0.213567
0 0.215308 0.585136 0.057585 0.285711
0 0.179362 0.567573 0.047815 0.258180
0 0.114796 0.550727 0.048515 0.229236
0 0.075881 0.520120 0.034208 0.195533
0 0.041373 0.477197 0.022300 0.072510
0 0.115192 0.435968 0.027631 0.059655
0 0.157465 0.468954 0.033931 0.106130
0 0.137292 0.446480 0.019185 0.049990
0 0.236258 0.461867 0.038977 0.091182
0 0.264231 0.445246 0.042415 0.073337
0 0.306242 0.446208 0.029485 0.052730
0 0.288265 0.444561 0.024238 0.055481
0 0.773404 0.450743 0.023423 0.059603
0 0.979615 0.486302 0.018585 0.091182
0 0.837431 0.445382 0.012523 0.024174
0 0.904988 0.445659 0.015146 0.023619
