0 0.852850 0.629874 0.082715 0.341506
0 0.829162 0.619137 0.069923 0.270952
0 0.802469 0.587955 0.052631 0.241308
0 0.736300 0.597667 0.088723 0.301632
0 0.584412 0.600732 0.085715 0.246423
0 0.542304 0.557788 0.069177 0.240282
0 0.485531 0.581302 0.056400 0.248462
0 0.447558 0.560345 0.057146 0.237218
0 0.378004 0.597662 0.080454 0.266872
0 0.273488 0.609937 0.071438 0.309812
0 0.234012 0.608912 0.051131 0.297552
0 0.171223 0.611977 0.060908 0.301632
0 0.138896 0.589995 0.039854 0.263797
0 0.092650 0.626292 0.079700 0.305722
0 0.033542 0.636009 0.067085 0.290387
0 0.105431 0.506151 0.070677 0.161548
0 0.049788 0.483149 0.040608 0.113494
