0 0.221944 0.733268 0.157791 0.305920
0 0.126480 0.709303 0.115188 0.292312
0 0.056139 0.689480 0.112278 0.249115
0 0.475597 0.679421 0.131756 0.246749
0 0.604196 0.665221 0.085999 0.213611
0 0.534373 0.625574 0.072583 0.118936
0 0.638912 0.637114 0.059173 0.143197
0 0.694139 0.628238 0.056015 0.106510
0 0.361591 0.622913 0.034716 0.080474
0 0.298360 0.619563 0.019405 0.061637
0 0.317196 0.611146 0.028155 0.055645
0 0.269064 0.612716 0.031581 0.052505
0 0.246806 0.601871 0.017500 0.046798
0 0.230825 0.594452 0.033482 0.039380
