0 0.290858 0.539107 0.243885 0.808349
0 0.623077 0.528062 0.238462 0.783312
0 0.816550 0.304995 0.144162 0.452017
0 0.439354 0.172628 0.037938 0.119258
0 0.399792 0.175569 0.041185 0.107482
0 0.390035 0.140972 0.049854 0.167858
0 0.354265 0.087231 0.043362 0.107482
0 0.430142 0.103422 0.056362 0.131045
0 0.462658 0.087085 0.034685 0.113375
0 0.488669 0.134195 0.047692 0.107492
0 0.517935 0.190883 0.034685 0.103062
0 0.504388 0.073093 0.042269 0.132518
0 0.577008 0.130517 0.057446 0.150188
0 0.617654 0.136405 0.045523 0.135465
0 0.761273 0.187205 0.072623 0.219383
0 0.698408 0.178370 0.074785 0.178161
0 0.029181 0.242419 0.058362 0.371045
0 0.084915 0.235789 0.066123 0.399018
0 0.132604 0.118736 0.070454 0.126625
0 0.970873 0.229164 0.058254 0.350428
0 0.943912 0.302053 0.078038 0.413741
0 0.906515 0.132132 0.076954 0.188464
0 0.842565 0.098119 0.048777 0.126625
0 0.970873 0.085606 0.058254 0.160491
0 0.921692 0.072503 0.048769 0.101599
0 0.716835 0.064404 0.048777 0.070669
0 0.659388 0.079864 0.046608 0.113375
