0 0.835117 0.539233 0.128406 0.494479
0 0.365244 0.611014 0.142311 0.301839
0 0.239291 0.641074 0.171754 0.403682
0 0.132559 0.596903 0.115323 0.307977
0 0.065820 0.612855 0.101417 0.344784
0 0.026776 0.530645 0.053551 0.256438
0 0.064593 0.463161 0.051529 0.101839
0 0.023290 0.433712 0.029443 0.074848
0 0.082586 0.436779 0.020446 0.051535
0 0.100579 0.448438 0.028626 0.050309
0 0.121436 0.442302 0.022900 0.077300
0 0.137793 0.435553 0.024534 0.053986
0 0.152516 0.431260 0.022900 0.047853
0 0.177051 0.422057 0.021263 0.046627
0 0.157830 0.536166 0.053163 0.184051
0 0.193490 0.447823 0.027809 0.053991
0 0.231113 0.444141 0.024534 0.056442
0 0.245017 0.440461 0.014720 0.039267
0 0.260964 0.428191 0.015540 0.041715
0 0.290817 0.433099 0.019629 0.026995
0 0.304313 0.434325 0.013906 0.036811
0 0.302187 0.491382 0.062157 0.128834
0 0.354123 0.599970 0.120229 0.311659
0 0.426913 0.561320 0.087511 0.239263
0 0.460856 0.541689 0.091603 0.256442
0 0.503384 0.523896 0.062157 0.179143
0 0.539781 0.525737 0.079334 0.202456
0 0.526694 0.473592 0.036806 0.085889
0 0.573313 0.512853 0.053163 0.176687
0 0.615026 0.492608 0.036806 0.160733
0 0.640789 0.482180 0.035989 0.127608
0 0.520560 0.409786 0.014720 0.009816
0 0.377431 0.450276 0.019629 0.058898
