0 0.468701 0.744389 0.031620 0.213019
0 0.184289 0.535019 0.027318 0.165296
0 0.124617 0.587421 0.018214 0.111620
0 0.112490 0.822935 0.063750 0.350204
0 0.050422 0.816546 0.044094 0.334019
0 0.012510 0.744120 0.025021 0.221537
0 0.194451 0.825917 0.057036 0.335722
0 0.253164 0.787148 0.058474 0.339981
0 0.158023 0.750083 0.024443 0.146556
0 0.174974 0.704398 0.017104 0.057111
0 0.282367 0.688968 0.013036 0.048324
0 0.299422 0.745181 0.023854 0.134120
0 0.326328 0.752083 0.034948 0.215981
0 0.335896 0.675653 0.010260 0.034509
0 0.349904 0.763181 0.018307 0.200694
0 0.386656 0.805037 0.080156 0.389926
0 0.417805 0.693356 0.020807 0.082343
0 0.438331 0.756227 0.025797 0.207102
0 0.479938 0.688917 0.016365 0.103056
0 0.514052 0.718310 0.014063 0.129102
0 0.528979 0.722074 0.025427 0.133889
0 0.504326 0.711806 0.011557 0.099648
0 0.544872 0.723958 0.020224 0.167102
0 0.575664 0.794847 0.060307 0.410306
0 0.624792 0.783542 0.076292 0.431713
0 0.695490 0.788458 0.090667 0.423083
0 0.707820 0.637042 0.018859 0.063120
0 0.749151 0.764019 0.052698 0.295370
0 0.798104 0.728514 0.034115 0.240139
0 0.822375 0.716676 0.031062 0.187870
0 0.878578 0.793639 0.080677 0.412722
0 0.933096 0.701597 0.038745 0.174676
0 0.905138 0.692727 0.027557 0.191009
