0 0.176854 0.531015 0.025692 0.109749
0 0.175519 0.490973 0.020115 0.073159
0 0.210785 0.510743 0.018908 0.049435
0 0.199027 0.512395 0.015269 0.057343
0 0.281312 0.517338 0.027146 0.116015
0 0.332092 0.510910 0.020600 0.103159
0 0.377900 0.512558 0.018662 0.125575
0 0.520169 0.480262 0.014785 0.076799
0 0.543192 0.469221 0.011877 0.069864
0 0.585727 0.472845 0.016485 0.077113
0 0.597846 0.471689 0.018908 0.080743
0 0.678188 0.476302 0.017208 0.083379
0 0.691765 0.454718 0.009454 0.049435
0 0.713212 0.464111 0.010177 0.048452
0 0.593238 0.689545 0.042169 0.113044
0 0.622085 0.684106 0.033446 0.075805
0 0.640504 0.658891 0.024238 0.074812
0 0.688977 0.646203 0.052354 0.100188
0 0.781681 0.558536 0.033208 0.102824
0 0.816704 0.569906 0.015992 0.070209
0 0.727512 0.454555 0.012608 0.050429
0 0.748112 0.452573 0.015023 0.041192
