0 0.063170 0.819709 0.031700 0.185399
0 0.102530 0.804668 0.039720 0.132639
0 0.007260 0.815514 0.014520 0.151380
0 0.021450 0.814777 0.024780 0.152855
0 0.254700 0.790176 0.034260 0.266766
0 0.227735 0.801218 0.040090 0.260839
0 0.196940 0.795792 0.028060 0.198728
0 0.287330 0.798721 0.016660 0.094736
0 0.303565 0.801576 0.019610 0.087889
0 0.352180 0.770900 0.011240 0.061231
0 0.367210 0.796793 0.024300 0.138484
0 0.390590 0.790007 0.033400 0.133139
0 0.450135 0.809709 0.071890 0.343667
0 0.503130 0.804378 0.029860 0.232842
0 0.527680 0.727673 0.029360 0.095886
0 0.582330 0.767246 0.018220 0.061637
0 0.649750 0.787903 0.032800 0.223383
0 0.684365 0.792835 0.033530 0.219418
0 0.729120 0.772848 0.051600 0.312436
0 0.761920 0.790595 0.048100 0.286387
0 0.796895 0.781840 0.029150 0.152855
0 0.819305 0.797618 0.028790 0.139053
0 0.888725 0.793674 0.040810 0.229783
0 0.916600 0.781590 0.044100 0.198714
0 0.857020 0.783065 0.041540 0.243099
0 0.991740 0.789134 0.016520 0.163681
0 0.982600 0.791705 0.023540 0.124303
0 0.964760 0.765853 0.021260 0.076712
