0 0.971744 0.825077 0.056511 0.278585
0 0.932098 0.778093 0.091123 0.242515
0 0.859009 0.732056 0.056319 0.137157
0 0.792882 0.775008 0.087324 0.203128
0 0.678031 0.777381 0.071503 0.205025
0 0.719796 0.754599 0.049992 0.184142
0 0.675184 0.694563 0.068342 0.070714
0 0.634988 0.705901 0.020507 0.057126
0 0.546001 0.726225 0.039551 0.121397
0 0.491987 0.731307 0.038452 0.111235
0 0.461044 0.729933 0.027831 0.114528
0 0.344957 0.655103 0.010984 0.017558
0 0.484267 0.682479 0.009816 0.025827
0 0.580582 0.698703 0.018836 0.048453
0 0.558903 0.682249 0.013248 0.023915
0 0.566998 0.685697 0.011528 0.037803
0 0.493832 0.673295 0.008186 0.007858
