0 0.077277 0.651187 0.007523 0.036621
0 0.423746 0.716893 0.038277 0.171904
0 0.375646 0.726647 0.040800 0.173609
0 0.244323 0.684702 0.021400 0.104090
0 0.225938 0.672714 0.014862 0.082186
0 0.208188 0.688640 0.016115 0.088682
0 0.173069 0.673400 0.013831 0.072594
0 0.144362 0.673740 0.013431 0.068483
0 0.158315 0.673598 0.014477 0.069916
0 0.136696 0.665748 0.011962 0.062207
0 0.120854 0.667317 0.011754 0.070492
0 0.056219 0.669603 0.015946 0.081904
0 0.006908 0.656731 0.010077 0.051077
0 0.096581 0.644283 0.008162 0.033692
