0 0.527941 0.777172 0.065306 0.179503
0 0.441784 0.467763 0.099131 0.375544
0 0.544856 0.529765 0.080250 0.527880
0 0.619603 0.607111 0.107006 0.550319
0 0.672709 0.562237 0.076319 0.493630
0 0.205591 0.044841 0.017756 0.089681
0 0.783650 0.401041 0.032263 0.251538
0 0.066716 0.376032 0.028681 0.109343
0 0.114978 0.372270 0.023219 0.111388
0 0.213375 0.153851 0.013200 0.082017
0 0.187150 0.046205 0.023675 0.092411
0 0.200631 0.595713 0.172313 0.808574
0 0.377266 0.639001 0.080256 0.266895
0 0.455947 0.751187 0.092844 0.259803
