0 0.035735 0.564317 0.036900 0.131161
0 0.008827 0.540894 0.017654 0.107009
0 0.084085 0.608448 0.070123 0.171100
0 0.067619 0.508546 0.017300 0.033104
0 0.070738 0.520524 0.047631 0.041377
0 0.142823 0.533083 0.020508 0.073340
0 0.166104 0.535935 0.022638 0.084758
0 0.223554 0.651644 0.081200 0.258869
0 0.232700 0.516387 0.016662 0.025971
0 0.269435 0.544923 0.017085 0.084748
0 0.287812 0.572806 0.031008 0.113011
0 0.301138 0.556711 0.020754 0.101357
0 0.312673 0.526747 0.019223 0.044861
0 0.336192 0.612544 0.043185 0.166177
0 0.403731 0.610324 0.049092 0.194275
0 0.417138 0.596917 0.027938 0.141768
0 0.367288 0.552225 0.018454 0.078407
0 0.382538 0.547431 0.015123 0.062672
0 0.404581 0.525175 0.011531 0.045540
0 0.450635 0.519928 0.017731 0.022261
0 0.450638 0.571860 0.014308 0.085036
0 0.463131 0.564589 0.015385 0.091028
0 0.472635 0.535622 0.010469 0.026249
0 0.479146 0.526490 0.011108 0.027390
0 0.478762 0.597749 0.025631 0.126701
0 0.506519 0.684974 0.057208 0.321501
0 0.571012 0.725704 0.065885 0.363515
0 0.547635 0.568438 0.020269 0.056218
0 0.540373 0.533196 0.010869 0.019979
0 0.531081 0.552600 0.014069 0.061644
0 0.552504 0.558931 0.014238 0.055889
0 0.553835 0.529681 0.010500 0.023535
0 0.562477 0.557271 0.010338 0.062066
0 0.570835 0.536814 0.010685 0.035910
0 0.611612 0.536850 0.009823 0.032240
0 0.697923 0.566382 0.017354 0.070750
0 0.686277 0.562117 0.011862 0.060247
0 0.721650 0.571732 0.018838 0.073515
0 0.747465 0.576074 0.016023 0.079424
0 0.779977 0.616696 0.028400 0.134399
0 0.801123 0.578314 0.018585 0.068489
0 0.856227 0.634101 0.050623 0.166927
0 0.930354 0.652682 0.049831 0.190339
0 0.982254 0.632354 0.035492 0.164029
0 0.942215 0.571542 0.015892 0.036300
0 0.964638 0.587492 0.029985 0.078417
0 0.882881 0.569856 0.015115 0.049311
0 0.961950 0.547945 0.010254 0.026701
0 0.823919 0.555514 0.008900 0.038428
0 0.871527 0.545108 0.009192 0.018047
