0 0.087342 0.864885 0.105485 0.270231
0 0.051631 0.829186 0.091769 0.258464
0 0.189754 0.860779 0.048246 0.240704
0 0.177923 0.784094 0.040677 0.124261
0 0.260227 0.825987 0.052977 0.196686
0 0.226646 0.787286 0.022708 0.119284
0 0.291927 0.784336 0.022992 0.121305
0 0.372862 0.877471 0.075492 0.245058
0 0.454319 0.836143 0.072654 0.327714
0 0.344735 0.816259 0.027192 0.163903
0 0.376069 0.780756 0.022077 0.117748
0 0.353996 0.722471 0.021285 0.033141
0 0.598150 0.860589 0.077577 0.278822
0 0.557946 0.831599 0.038785 0.239296
0 0.536419 0.822009 0.030746 0.205912
0 0.513954 0.818816 0.030277 0.168279
0 0.491485 0.744261 0.024123 0.050416
0 0.483919 0.839763 0.036423 0.191721
0 0.779315 0.869942 0.099338 0.254919
0 0.934358 0.855266 0.131285 0.289469
0 0.846246 0.837633 0.073323 0.242841
0 0.869662 0.839053 0.050138 0.198822
0 0.701673 0.826692 0.037777 0.181952
0 0.727623 0.814861 0.041062 0.186882
0 0.645177 0.774913 0.025954 0.103060
0 0.617912 0.790450 0.033177 0.115381
0 0.660123 0.771218 0.010508 0.065092
0 0.795292 0.789954 0.039754 0.116374
