0 0.886625 0.649810 0.111063 0.404631
0 0.785586 0.627685 0.032141 0.150805
0 0.823680 0.628535 0.032141 0.164452
0 0.376148 0.630660 0.020234 0.112461
0 0.067281 0.637908 0.052375 0.218993
0 0.125898 0.591465 0.024391 0.112461
0 0.479430 0.618087 0.016953 0.052058
0 0.492383 0.620570 0.014016 0.053848
0 0.504391 0.619978 0.012406 0.043177
0 0.680547 0.600336 0.236937 0.733244
0 0.524414 0.620268 0.011203 0.052081
0 0.532703 0.619978 0.009500 0.043177
0 0.544063 0.618792 0.012406 0.047919
0 0.219625 0.504038 0.201156 0.879888
