0 0.094427 0.839463 0.188854 0.321074
0 0.121893 0.597441 0.106287 0.265004
0 0.200545 0.726399 0.070147 0.525756
0 0.261126 0.765372 0.085028 0.442141
0 0.357313 0.632870 0.111599 0.324522
0 0.428525 0.781360 0.122227 0.437279
0 0.560849 0.752310 0.167929 0.495380
0 0.780858 0.745933 0.221072 0.508133
0 0.917532 0.781360 0.164936 0.437279
0 0.949819 0.610707 0.067904 0.149583
0 0.877511 0.676520 0.108153 0.282933
0 0.874691 0.540180 0.041005 0.070392
0 0.920054 0.595878 0.062019 0.206389
0 0.686069 0.614671 0.053309 0.224841
0 0.610466 0.607155 0.046642 0.256279
0 0.551778 0.589385 0.110714 0.245347
0 0.408730 0.544749 0.041860 0.088844
0 0.258978 0.511716 0.040579 0.105931
0 0.026873 0.543039 0.032460 0.112761
0 0.048016 0.586036 0.050830 0.164587
0 0.557673 0.502525 0.043569 0.079959
0 0.952457 0.527870 0.023137 0.052202
0 0.965983 0.526207 0.028830 0.070715
