0 0.203970 0.694971 0.094111 0.610059
0 0.301211 0.726853 0.101953 0.546294
0 0.440801 0.679272 0.087832 0.531426
0 0.549023 0.676904 0.072148 0.406250
0 0.482754 0.667456 0.041563 0.425147
0 0.610327 0.576485 0.034951 0.248765
0 0.650898 0.561110 0.038125 0.245338
0 0.591904 0.503015 0.026328 0.092265
0 0.696514 0.526596 0.028594 0.146250
0 0.775703 0.547103 0.046289 0.162647
0 0.790000 0.547779 0.060352 0.205029
0 0.735591 0.505574 0.017861 0.113912
0 0.752793 0.501412 0.018125 0.107971
0 0.841562 0.479669 0.018652 0.060515
