0 0.374490 0.818185 0.030479 0.201296
0 0.420099 0.805537 0.032698 0.195778
0 0.512599 0.687833 0.028740 0.153593
0 0.551443 0.686287 0.030927 0.150278
0 0.472469 0.587815 0.018021 0.097296
0 0.447995 0.580093 0.020240 0.111926
0 0.529938 0.531620 0.012750 0.092500
0 0.541615 0.534398 0.011583 0.087426
0 0.552687 0.537602 0.012354 0.082389
0 0.564922 0.537713 0.014156 0.085833
0 0.556354 0.495491 0.010687 0.030204
0 0.588740 0.525361 0.012875 0.079870
0 0.578823 0.516324 0.010562 0.065463
0 0.572068 0.466417 0.008115 0.056759
0 0.550432 0.465278 0.009656 0.050815
0 0.541943 0.474204 0.011198 0.032963
0 0.531964 0.474898 0.009531 0.031130
0 0.495141 0.491259 0.010302 0.071185
0 0.485422 0.495713 0.010948 0.069574
0 0.470359 0.496981 0.010677 0.067519
0 0.449891 0.457157 0.010177 0.058352
0 0.440495 0.449259 0.008885 0.051741
0 0.420276 0.453380 0.007594 0.049426
0 0.427870 0.465389 0.006823 0.030444
0 0.465594 0.455556 0.007854 0.050593
0 0.479755 0.405315 0.006302 0.034333
0 0.489089 0.407944 0.006948 0.040519
0 0.501385 0.408176 0.011458 0.026796
0 0.503635 0.433713 0.007979 0.029315
0 0.517026 0.432324 0.008760 0.032944
0 0.511495 0.412519 0.007469 0.043259
0 0.466625 0.404972 0.006563 0.029537
