0 0.130678 0.574547 0.182369 0.800977
0 0.068447 0.681998 0.136894 0.636004
0 0.303722 0.592216 0.169931 0.724414
0 0.460187 0.357367 0.093262 0.431412
0 0.392834 0.545098 0.153356 0.821599
0 0.249841 0.303628 0.118131 0.259139
0 0.029072 0.295528 0.058144 0.181110
0 0.547228 0.437615 0.122269 0.639014
0 0.702141 0.487673 0.160606 0.618401
0 0.736334 0.562766 0.081856 0.300364
0 0.639969 0.450129 0.079787 0.605160
0 0.720791 0.184361 0.106731 0.323925
0 0.789181 0.400808 0.119163 0.565400
0 0.917669 0.465591 0.148175 0.851039
