0 0.117347 0.823460 0.047373 0.172275
0 0.037603 0.849799 0.066540 0.150919
0 0.028743 0.803290 0.050993 0.119598
0 0.075397 0.775289 0.025673 0.078784
0 0.099627 0.805897 0.043040 0.116273
0 0.300933 0.743867 0.015067 0.067629
0 0.319620 0.748421 0.016880 0.063281
0 0.445740 0.741304 0.020187 0.053788
0 0.280140 0.733784 0.014467 0.055372
0 0.154773 0.753955 0.011453 0.026107
0 0.619810 0.815394 0.026473 0.126430
0 0.603103 0.808556 0.025167 0.132126
0 0.668413 0.800017 0.041227 0.135538
0 0.715717 0.794891 0.034287 0.140105
0 0.744793 0.815109 0.040360 0.148644
0 0.778860 0.813683 0.048600 0.168574
0 0.803190 0.774344 0.032647 0.088320
0 0.832200 0.764129 0.013813 0.031636
0 0.852790 0.760499 0.019340 0.054051
0 0.867230 0.759843 0.026620 0.065249
0 0.880920 0.758031 0.018840 0.073491
0 0.906033 0.762813 0.033400 0.085031
0 0.916080 0.748473 0.018333 0.060971
0 0.954753 0.758854 0.030387 0.084374
0 0.992007 0.747485 0.015987 0.058329
