0 0.122607 0.560447 0.105186 0.516814
0 0.205842 0.509644 0.067915 0.456441
0 0.248083 0.536150 0.041411 0.409332
0 0.296118 0.545720 0.084482 0.543316
0 0.361548 0.562652 0.059629 0.515339
0 0.400474 0.580321 0.059629 0.432882
0 0.454724 0.576645 0.062114 0.422578
0 0.517253 0.553086 0.081167 0.484418
0 0.559077 0.533207 0.047207 0.462335
0 0.593035 0.599462 0.053833 0.494722
0 0.650183 0.561181 0.081997 0.494722
0 0.728450 0.569280 0.114292 0.416684
0 0.677930 0.425720 0.064600 0.203194
0 0.767375 0.562656 0.076196 0.424045
0 0.839846 0.577378 0.081997 0.403438
0 0.798848 0.405842 0.044727 0.216441
0 0.877944 0.494184 0.111807 0.425521
