0 0.331759 0.549921 0.016806 0.038558
0 0.278884 0.781571 0.094106 0.396925
0 0.762334 0.795654 0.193744 0.408692
0 0.897959 0.814925 0.132856 0.370150
0 0.965278 0.763671 0.069444 0.472658
0 0.359519 0.700954 0.025200 0.198192
0 0.410559 0.710638 0.025631 0.148075
0 0.446441 0.714908 0.033319 0.144083
0 0.496841 0.651975 0.016231 0.031900
0 0.521616 0.711488 0.033319 0.148642
0 0.601491 0.645429 0.026481 0.078025
0 0.617934 0.686146 0.023494 0.112758
0 0.408303 0.635171 0.012156 0.031308
0 0.401341 0.705179 0.018744 0.141992
0 0.378578 0.681837 0.014831 0.108492
0 0.353550 0.638304 0.015862 0.031858
0 0.342119 0.698862 0.016475 0.132108
0 0.340472 0.624571 0.016069 0.021975
0 0.321419 0.717954 0.033988 0.149408
0 0.309984 0.648562 0.011119 0.040208
0 0.329441 0.689992 0.014419 0.117183
0 0.439028 0.647029 0.013731 0.037992
0 0.383669 0.576125 0.026200 0.073167
