0 0.153375 0.695788 0.144200 0.608424
0 0.294631 0.688424 0.136362 0.623152
0 0.403031 0.661764 0.119688 0.605141
0 0.533506 0.702983 0.092212 0.578649
0 0.679181 0.705356 0.161863 0.589287
0 0.777275 0.666173 0.114775 0.572758
0 0.855263 0.617589 0.143225 0.563921
0 0.785125 0.323846 0.083375 0.182589
0 0.757169 0.350356 0.080438 0.209081
0 0.657594 0.383480 0.079462 0.207598
0 0.604131 0.342983 0.092213 0.203189
0 0.528106 0.384953 0.104963 0.186979
0 0.404506 0.343724 0.101037 0.213490
0 0.349075 0.327533 0.098100 0.207598
0 0.269131 0.338574 0.104963 0.179625
0 0.236269 0.312073 0.080437 0.126623
0 0.138169 0.327533 0.096138 0.169325
0 0.222531 0.163358 0.074563 0.209081
0 0.275994 0.180291 0.071612 0.160507
0 0.324556 0.175872 0.074563 0.145779
0 0.376056 0.122871 0.063763 0.136923
0 0.418731 0.200169 0.047088 0.147242
0 0.458456 0.245807 0.048062 0.150188
0 0.526637 0.235507 0.064750 0.150188
0 0.488869 0.178077 0.103013 0.217917
0 0.586475 0.178077 0.068675 0.156079
0 0.620319 0.131698 0.030413 0.072139
0 0.653675 0.243602 0.097125 0.213508
0 0.710081 0.215629 0.072588 0.198762
0 0.743925 0.186923 0.057875 0.129568
