0 0.067256 0.541764 0.092933 0.575702
0 0.154817 0.520418 0.090011 0.541839
0 0.283461 0.468880 0.059678 0.294482
0 0.368578 0.508637 0.079244 0.397542
0 0.444889 0.502742 0.077289 0.359264
0 0.513372 0.505686 0.063589 0.376923
0 0.549078 0.473294 0.088044 0.350435
0 0.605333 0.449005 0.081200 0.381355
0 0.678711 0.507166 0.040111 0.388712
0 0.696806 0.356982 0.048922 0.091288
0 0.740339 0.489490 0.053811 0.332759
0 0.799039 0.530719 0.104678 0.409331
0 0.900294 0.568269 0.093922 0.396070
0 0.827906 0.365075 0.060656 0.192893
0 0.863611 0.373913 0.038156 0.131037
0 0.906172 0.355502 0.054789 0.126622
0 0.963356 0.521881 0.073289 0.432893
