0 0.593374 0.560029 0.170830 0.717067
0 0.703428 0.237720 0.053711 0.176320
0 0.405068 0.274282 0.140645 0.418944
0 0.252134 0.316650 0.122432 0.349223
0 0.463174 0.040447 0.032617 0.066056
0 0.531450 0.048138 0.031104 0.080293
0 0.588730 0.047566 0.033379 0.075748
0 0.635762 0.060381 0.022754 0.078592
0 0.654727 0.066928 0.018203 0.057522
0 0.674258 0.073196 0.026934 0.083724
0 0.702119 0.079179 0.019004 0.056950
0 0.722622 0.076899 0.020479 0.062654
0 0.761309 0.084868 0.027305 0.069472
0 0.806113 0.085249 0.034590 0.073812
