0 0.046873 0.611422 0.052100 0.259696
0 0.225227 0.565294 0.051100 0.175645
0 0.263050 0.575546 0.024546 0.190672
0 0.275827 0.572125 0.024054 0.222109
0 0.291358 0.600147 0.033069 0.204344
0 0.323923 0.600488 0.041077 0.233736
0 0.367762 0.563583 0.029554 0.177681
0 0.416608 0.602880 0.045092 0.196149
0 0.412350 0.510278 0.025546 0.061501
0 0.399069 0.515063 0.015031 0.057408
0 0.514281 0.569292 0.050731 0.181542
0 0.663915 0.517135 0.024631 0.092256
0 0.687919 0.531086 0.017531 0.108783
0 0.702323 0.530803 0.016277 0.121878
0 0.744358 0.525094 0.021162 0.126957
0 0.759581 0.515803 0.013915 0.099664
0 0.775527 0.518568 0.013915 0.071973
0 0.815681 0.539927 0.026962 0.128143
0 0.805965 0.490488 0.014500 0.056946
0 0.846988 0.528452 0.025223 0.119444
0 0.831623 0.522718 0.022323 0.130115
0 0.898888 0.516784 0.022900 0.115876
0 0.928604 0.503935 0.019715 0.068814
0 0.967600 0.503143 0.020000 0.098080
