0 0.232933 0.874957 0.053268 0.249657
0 0.072612 0.846413 0.060577 0.233469
0 0.017251 0.847698 0.034501 0.157623
0 0.157474 0.836617 0.046470 0.174690
0 0.105774 0.838747 0.040210 0.167002
0 0.100814 0.749283 0.021942 0.076681
0 0.124049 0.748426 0.027677 0.061349
0 0.084370 0.738630 0.020367 0.063897
0 0.161916 0.756103 0.034462 0.092034
0 0.541293 0.845557 0.043346 0.160193
0 0.568714 0.832784 0.029239 0.136317
0 0.593261 0.844711 0.032375 0.141456
0 0.623281 0.835343 0.040210 0.136338
0 0.649915 0.837045 0.030801 0.153362
0 0.703438 0.839176 0.050131 0.247944
0 0.673412 0.845139 0.028714 0.104797
0 0.734252 0.841306 0.027165 0.117602
0 0.762454 0.853662 0.025066 0.132077
0 0.784902 0.835760 0.021929 0.162741
0 0.806056 0.853662 0.014108 0.147409
0 0.845217 0.832784 0.023504 0.170407
0 0.879160 0.805942 0.049606 0.200236
0 0.921982 0.824261 0.025591 0.120985
0 0.949140 0.836617 0.031850 0.174690
0 0.970026 0.808073 0.025591 0.180642
0 0.955925 0.742463 0.022454 0.076702
0 0.919108 0.758651 0.019843 0.080086
0 0.990105 0.789764 0.019790 0.155931
