0 0.652389 0.693114 0.166206 0.333024
0 0.513563 0.662582 0.143317 0.262016
0 0.572778 0.583766 0.084603 0.088754
0 0.441905 0.669683 0.113460 0.271959
0 0.360294 0.677492 0.109476 0.263431
0 0.259778 0.715125 0.129365 0.350068
0 0.121444 0.693822 0.077619 0.281891
0 0.177175 0.570985 0.059714 0.097282
0 0.191603 0.523766 0.062698 0.100827
0 0.218976 0.526251 0.051762 0.050419
0 0.256294 0.536903 0.046778 0.043318
0 0.256794 0.498199 0.039810 0.046863
0 0.278190 0.499977 0.024889 0.039049
0 0.308540 0.518788 0.031841 0.028403
0 0.340889 0.504592 0.042794 0.019875
0 0.334421 0.527316 0.035825 0.038347
0 0.382690 0.513109 0.054746 0.058222
0 0.413540 0.508143 0.046762 0.061065
0 0.442405 0.527316 0.046778 0.048290
0 0.452849 0.504592 0.043794 0.056795
0 0.491167 0.502820 0.050746 0.048992
0 0.529984 0.504592 0.044794 0.032673
0 0.543413 0.530153 0.047778 0.039762
0 0.569786 0.512050 0.040810 0.039049
0 0.604119 0.513465 0.035825 0.036217
0 0.633976 0.510272 0.063698 0.062492
0 0.717579 0.656546 0.111476 0.255629
0 0.729516 0.574179 0.075635 0.122129
0 0.812119 0.655832 0.095540 0.225798
0 0.928563 0.683879 0.133349 0.287576
0 0.857913 0.568143 0.089571 0.101540
0 0.788738 0.564236 0.060714 0.076693
0 0.798190 0.514179 0.063683 0.058935
0 0.762365 0.507078 0.055746 0.054677
0 0.724048 0.522695 0.096540 0.077395
