0 0.277124 0.943045 0.061377 0.113909
0 0.226260 0.943045 0.049453 0.113909
0 0.422271 0.808155 0.033877 0.137570
0 0.390796 0.792174 0.031572 0.147921
0 0.475654 0.813133 0.035527 0.159268
0 0.588628 0.794392 0.031240 0.137570
0 0.540117 0.714758 0.030254 0.109458
0 0.514136 0.720183 0.021045 0.096647
0 0.501309 0.716237 0.023027 0.103543
0 0.474502 0.705637 0.022695 0.076428
0 0.432568 0.712540 0.021055 0.057701
0 0.436187 0.780835 0.026318 0.131157
0 0.418916 0.698734 0.010195 0.055710
0 0.443423 0.681969 0.013818 0.057701
0 0.511899 0.640498 0.021709 0.044392
0 0.498413 0.635813 0.015127 0.065593
0 0.481968 0.627430 0.017100 0.059663
0 0.465688 0.619788 0.011514 0.045373
0 0.506802 0.603016 0.017432 0.052269
0 0.513872 0.593902 0.013154 0.046837
0 0.529497 0.599568 0.017432 0.042416
0 0.541167 0.653316 0.017100 0.035505
0 0.527354 0.644444 0.015781 0.043382
0 0.490518 0.570725 0.015781 0.069531
0 0.504336 0.563331 0.010527 0.050791
0 0.490029 0.519444 0.012168 0.046852
