0 0.641540 0.455393 0.028740 0.119820
0 0.623725 0.456628 0.021450 0.116371
0 0.607245 0.452432 0.022990 0.112921
0 0.764490 0.400347 0.023900 0.055624
0 0.887705 0.398867 0.026670 0.065689
0 0.106175 0.437400 0.016090 0.059665
0 0.131815 0.600631 0.012510 0.044170
0 0.122770 0.604247 0.007720 0.043861
0 0.540805 0.400322 0.013410 0.050142
0 0.518935 0.653031 0.019470 0.085470
0 0.592690 0.700084 0.013720 0.064517
0 0.685920 0.762136 0.020120 0.080129
0 0.580715 0.689408 0.014050 0.056293
0 0.848275 0.871441 0.060670 0.186152
0 0.671715 0.851100 0.021070 0.105187
0 0.655270 0.879041 0.021400 0.081351
0 0.623345 0.890341 0.022670 0.118752
0 0.549430 0.783912 0.019160 0.089163
0 0.527880 0.778983 0.018200 0.083423
0 0.518460 0.792542 0.017240 0.074376
0 0.506005 0.781448 0.015330 0.071905
0 0.498940 0.683912 0.009580 0.064376
0 0.313355 0.636313 0.009310 0.039035
0 0.408340 0.594028 0.009840 0.046229
0 0.215840 0.685109 0.011700 0.035264
0 0.294330 0.632033 0.009580 0.027053
0 0.169545 0.724144 0.010110 0.044170
0 0.157570 0.727400 0.011180 0.041081
0 0.147995 0.733050 0.011170 0.053076
0 0.154115 0.683230 0.009050 0.034929
0 0.130435 0.752574 0.011710 0.049653
0 0.187235 0.786300 0.010910 0.047941
0 0.084825 0.841467 0.020750 0.047593
0 0.066710 0.847934 0.012500 0.056152
