0 0.892400 0.697254 0.130831 0.432521
0 0.754046 0.692652 0.132338 0.462165
0 0.549358 0.667108 0.067669 0.327207
0 0.433750 0.663274 0.057023 0.341674
0 0.350408 0.673075 0.075815 0.393661
0 0.206288 0.570397 0.052008 0.200230
0 0.156788 0.570397 0.052008 0.184895
0 0.117312 0.564435 0.035715 0.145711
0 0.029846 0.554508 0.030215 0.133556
0 0.066865 0.559817 0.029715 0.140743
0 0.267627 0.555005 0.021392 0.147939
0 0.295727 0.561909 0.023208 0.143002
0 0.319842 0.524189 0.030823 0.090241
0 0.400527 0.527641 0.035531 0.085303
0 0.489658 0.598792 0.060562 0.320031
0 0.574585 0.535031 0.039169 0.101088
0 0.593438 0.624283 0.056569 0.322981
0 0.667050 0.626255 0.073977 0.320021
0 0.968988 0.503849 0.062023 0.344247
0 0.948004 0.503342 0.040100 0.316119
0 0.452915 0.502395 0.037769 0.065335
0 0.430704 0.483902 0.024777 0.030000
0 0.098700 0.547035 0.019415 0.121517
0 0.083504 0.541710 0.017838 0.097500
0 0.247885 0.544440 0.019938 0.124843
0 0.235731 0.544681 0.019754 0.123421
