0 0.035522 0.778814 0.071045 0.442372
0 0.088374 0.753668 0.078760 0.439312
0 0.126182 0.552321 0.061445 0.178316
0 0.250186 0.561340 0.060176 0.164846
0 0.362593 0.542884 0.032275 0.139414
0 0.436714 0.511720 0.032822 0.075447
0 0.680391 0.770373 0.131543 0.459253
0 0.297446 0.553060 0.038291 0.126296
0 0.611865 0.707255 0.071680 0.507804
0 0.936704 0.659780 0.073252 0.366091
0 0.984932 0.691318 0.030137 0.367262
0 0.823354 0.625776 0.051982 0.278697
0 0.871797 0.625183 0.054355 0.251537
0 0.195161 0.525586 0.031729 0.095944
0 0.069351 0.507958 0.043760 0.073807
