0 0.977187 0.844817 0.045625 0.199900
0 0.917225 0.822883 0.089700 0.240333
0 0.800175 0.833992 0.110200 0.289883
0 0.686138 0.845092 0.107625 0.249450
0 0.592600 0.792983 0.067500 0.168000
0 0.646838 0.730058 0.054675 0.070617
0 0.754912 0.708125 0.041875 0.049550
0 0.848450 0.790992 0.030750 0.167450
0 0.125825 0.739675 0.070900 0.137817
0 0.191525 0.745425 0.076900 0.136683
0 0.480262 0.779600 0.076875 0.175400
0 0.396538 0.781308 0.066625 0.165150
0 0.353400 0.728908 0.038450 0.083150
0 0.537062 0.753200 0.048625 0.117100
