0 0.108681 0.545000 0.014531 0.035741
0 0.104715 0.538225 0.011508 0.024656
0 0.125004 0.546237 0.017562 0.031639
0 0.335462 0.684259 0.056323 0.254447
0 0.245012 0.644071 0.040700 0.203152
0 0.198138 0.637411 0.041431 0.216472
0 0.176846 0.620898 0.038154 0.205136
0 0.294608 0.622375 0.036938 0.154499
0 0.353023 0.569984 0.021200 0.067797
0 0.372704 0.592380 0.019377 0.105198
0 0.386177 0.574504 0.012415 0.054645
0 0.412404 0.607996 0.021808 0.112589
0 0.433146 0.609635 0.022708 0.116701
0 0.456162 0.606352 0.025138 0.122453
0 0.409227 0.558481 0.013023 0.029175
0 0.403773 0.552730 0.010592 0.029175
0 0.498708 0.599776 0.021800 0.105188
0 0.518388 0.600183 0.018777 0.097797
0 0.564538 0.606561 0.020292 0.096566
0 0.550308 0.599572 0.014231 0.091628
0 0.542888 0.558481 0.014531 0.030825
0 0.763662 0.628883 0.037431 0.157787
0 0.795092 0.634311 0.036338 0.151879
0 0.844515 0.629870 0.042154 0.150887
0 0.252288 0.551524 0.024177 0.051649
0 0.309131 0.521874 0.019138 0.037944
0 0.310285 0.563252 0.032800 0.067067
