0 0.348629 0.856419 0.170057 0.287162
0 0.204529 0.839829 0.139057 0.320343
0 0.092929 0.785505 0.110714 0.428990
0 0.022643 0.804314 0.045286 0.391371
0 0.057243 0.614229 0.027886 0.123390
0 0.067029 0.583781 0.020771 0.122610
0 0.029064 0.572314 0.023129 0.053010
0 0.023729 0.540476 0.024914 0.048648
0 0.006821 0.543248 0.013643 0.047067
0 0.141636 0.617000 0.027586 0.116286
0 0.160314 0.624124 0.025800 0.113124
0 0.186864 0.621552 0.026700 0.119829
0 0.216529 0.668219 0.059914 0.101657
0 0.302100 0.642076 0.041229 0.182324
0 0.412614 0.708343 0.070114 0.156648
0 0.395386 0.670619 0.068886 0.151714
0 0.389750 0.597352 0.040929 0.091352
0 0.503271 0.836524 0.155000 0.326952
0 0.529843 0.700790 0.059343 0.157048
0 0.559593 0.651029 0.046557 0.113333
0 0.525593 0.614914 0.037157 0.067200
0 0.471993 0.619752 0.030757 0.131543
0 0.432907 0.601810 0.023500 0.088838
0 0.704757 0.785362 0.301143 0.429276
0 0.623571 0.759190 0.126943 0.372971
0 0.819593 0.662524 0.045700 0.191371
0 0.858457 0.733429 0.060229 0.304686
0 0.973486 0.860333 0.053029 0.279333
0 0.977029 0.683086 0.045943 0.136686
0 0.937614 0.657457 0.026914 0.153771
0 0.957050 0.742314 0.021357 0.145810
0 0.332036 0.614705 0.021357 0.099276
0 0.466529 0.580248 0.022486 0.036914
0 0.454293 0.580914 0.015329 0.041524
0 0.491493 0.592771 0.015071 0.054724
0 0.673421 0.589962 0.019043 0.044495
