0 0.032076 0.662584 0.064152 0.354607
0 0.082097 0.660140 0.077323 0.320243
0 0.107302 0.632528 0.057302 0.323933
0 0.145622 0.657678 0.064900 0.349700
0 0.187387 0.641732 0.061454 0.366873
0 0.228467 0.651545 0.053857 0.303052
0 0.277835 0.657678 0.051791 0.332509
0 0.323056 0.645412 0.049715 0.322697
0 0.371391 0.655843 0.063519 0.380375
0 0.416264 0.649700 0.052466 0.363184
0 0.461143 0.642959 0.074573 0.381610
0 0.500843 0.651545 0.060063 0.359494
0 0.541233 0.657069 0.046955 0.358296
0 0.579900 0.642959 0.056617 0.364419
0 0.625811 0.653380 0.064204 0.387734
0 0.679315 0.646021 0.066280 0.402453
0 0.733857 0.651545 0.066280 0.388970
0 0.783572 0.660749 0.066280 0.385281
0 0.835701 0.653390 0.078019 0.390187
0 0.884721 0.687125 0.068346 0.398783
0 0.930975 0.692650 0.055922 0.375449
0 0.975327 0.677313 0.049347 0.388970
0 0.978778 0.491423 0.042445 0.272397
0 0.935464 0.513511 0.046944 0.201217
0 0.897835 0.480384 0.061444 0.213502
0 0.846401 0.453998 0.056617 0.177921
0 0.808772 0.445412 0.065595 0.207378
0 0.762518 0.441732 0.049020 0.123914
0 0.721438 0.453390 0.067661 0.179139
0 0.685190 0.433755 0.053161 0.144775
0 0.651006 0.450936 0.062139 0.174232
0 0.594394 0.455843 0.069041 0.206142
0 0.540195 0.452781 0.062835 0.197547
0 0.499805 0.460749 0.051096 0.184045
0 0.452513 0.454616 0.060074 0.206124
0 0.402803 0.450927 0.062824 0.181592
0 0.353093 0.444803 0.053161 0.176685
0 0.311322 0.444794 0.048335 0.188951
0 0.271623 0.465047 0.057302 0.177921
0 0.228124 0.460131 0.061454 0.229438
0 0.193261 0.449700 0.056617 0.174232
0 0.152518 0.480993 0.057998 0.209813
0 0.116965 0.465655 0.060063 0.191423
0 0.072092 0.466882 0.076639 0.184064
0 0.023788 0.470562 0.047576 0.132509
0 0.025169 0.326386 0.050337 0.200000
0 0.066560 0.342350 0.044879 0.182828
0 0.097634 0.350318 0.050400 0.169326
0 0.142165 0.343567 0.056617 0.197547
0 0.173235 0.347247 0.045564 0.209813
0 0.206375 0.327612 0.052476 0.146011
0 0.242276 0.311058 0.049715 0.181592
0 0.284394 0.328230 0.056607 0.196311
0 0.327197 0.333146 0.055237 0.211049
0 0.363451 0.315346 0.050400 0.187734
0 0.405906 0.315346 0.048335 0.168109
0 0.447677 0.307378 0.044879 0.174232
0 0.484615 0.327004 0.037281 0.154607
0 0.519826 0.325777 0.059378 0.188970
0 0.571270 0.322715 0.053161 0.195094
0 0.615111 0.331301 0.052476 0.165637
0 0.656533 0.306760 0.051085 0.200000
0 0.692086 0.320871 0.051781 0.198783
0 0.732134 0.315346 0.057313 0.182828
0 0.785295 0.300009 0.061444 0.176685
0 0.839494 0.323324 0.066280 0.201217
0 0.881955 0.315955 0.047640 0.225768
0 0.928214 0.347865 0.061444 0.279738
0 0.968952 0.344185 0.058683 0.220843
