0 0.477505 0.456458 0.228355 0.525731
0 0.382073 0.384884 0.130651 0.418370
0 0.068052 0.577453 0.136105 0.685924
0 0.973642 0.333333 0.052716 0.170417
0 0.872301 0.326090 0.040898 0.080949
0 0.788755 0.325222 0.044744 0.086292
0 0.815463 0.315119 0.034241 0.083896
0 0.760674 0.324538 0.037898 0.083553
0 0.720724 0.317689 0.041090 0.073965
0 0.659998 0.320428 0.035614 0.049310
0 0.594025 0.328304 0.068031 0.134234
0 0.542204 0.345426 0.065747 0.157519
0 0.192694 0.325906 0.077160 0.150669
0 0.243832 0.323509 0.020546 0.077389
0 0.296793 0.317689 0.039722 0.093141
0 0.151375 0.319230 0.043830 0.063350
0 0.116674 0.321626 0.031960 0.064035
0 0.090421 0.314606 0.037898 0.071912
0 0.052526 0.316832 0.031503 0.057187
