0 0.126981 0.808717 0.070413 0.368453
0 0.071438 0.806340 0.064150 0.387321
0 0.278487 0.624019 0.020375 0.062868
0 0.292294 0.674925 0.030787 0.172906
0 0.384381 0.733528 0.030662 0.196151
0 0.357519 0.649283 0.022537 0.127358
0 0.529275 0.718264 0.056150 0.161962
0 0.480275 0.654491 0.016150 0.042189
0 0.500150 0.653330 0.023150 0.050434
0 0.449925 0.609698 0.021400 0.074491
0 0.618969 0.658472 0.043762 0.215283
0 0.666913 0.673151 0.050850 0.236189
0 0.708200 0.639170 0.038575 0.181245
0 0.765244 0.680160 0.059213 0.314094
0 0.815506 0.677670 0.038037 0.233038
0 0.784269 0.590528 0.033513 0.124377
0 0.743019 0.565934 0.018113 0.034170
0 0.857569 0.668434 0.046187 0.236453
0 0.909406 0.658528 0.051163 0.261736
0 0.985475 0.600783 0.024000 0.069717
0 0.933881 0.594198 0.014938 0.117453
0 0.950025 0.564255 0.009125 0.056962
0 0.974781 0.563953 0.010262 0.019113
0 0.962450 0.557679 0.011350 0.033623
