0 0.407938 0.515994 0.131450 0.640507
0 0.328481 0.474034 0.062787 0.462326
0 0.155825 0.513049 0.102025 0.478518
0 0.026412 0.506426 0.052825 0.630188
0 0.066062 0.500535 0.081425 0.488837
0 0.199475 0.477711 0.069650 0.549193
0 0.238231 0.493180 0.080437 0.606623
0 0.377031 0.222983 0.071612 0.160488
0 0.467775 0.443114 0.074550 0.480000
0 0.528106 0.465929 0.053963 0.449081
0 0.580588 0.426914 0.052975 0.421107
0 0.631600 0.493912 0.052975 0.481482
0 0.692419 0.415872 0.062787 0.487355
0 0.751769 0.405563 0.075537 0.490300
