0 0.057204 0.847613 0.114408 0.304773
0 0.075898 0.685780 0.090306 0.233811
0 0.182801 0.727114 0.164663 0.512523
0 0.229944 0.594846 0.219112 0.503085
0 0.167531 0.244701 0.115531 0.376733
0 0.214337 0.265953 0.080347 0.388530
0 0.233929 0.202187 0.055776 0.327132
0 0.309617 0.205136 0.088969 0.264537
0 0.548362 0.838176 0.309786 0.323648
0 0.491577 0.693294 0.242092 0.613412
0 0.448546 0.356987 0.172112 0.185699
0 0.415270 0.250880 0.071133 0.140817
0 0.364791 0.213131 0.064255 0.236715
0 0.410684 0.118240 0.075735 0.148966
0 0.358755 0.051379 0.053122 0.102759
0 0.326883 0.067913 0.043827 0.109837
0 0.486903 0.166515 0.069051 0.136987
0 0.599444 0.224392 0.094949 0.207840
0 0.703474 0.266425 0.109153 0.229583
0 0.747694 0.303975 0.205571 0.341525
0 0.807449 0.664392 0.285245 0.671216
0 0.857464 0.154828 0.137439 0.309655
0 0.521357 0.055744 0.048469 0.095662
