0 0.605672 0.774182 0.151493 0.396318
0 0.551687 0.708534 0.091851 0.326386
0 0.487224 0.780932 0.098299 0.368091
0 0.421552 0.749023 0.102328 0.373000
0 0.338955 0.744114 0.098299 0.353364
0 0.260396 0.744182 0.105567 0.414591
0 0.194716 0.699386 0.133761 0.364545
0 0.092791 0.719034 0.118448 0.347114
0 0.029672 0.679761 0.059343 0.268568
0 0.061769 0.563864 0.072522 0.225773
0 0.021216 0.460125 0.042433 0.227114
0 0.095612 0.457614 0.053194 0.158273
0 0.115754 0.463750 0.043507 0.148455
0 0.170552 0.529398 0.098299 0.338659
0 0.229769 0.507307 0.070104 0.235568
0 0.195530 0.437364 0.054791 0.161955
0 0.242664 0.404852 0.049149 0.087114
0 0.282149 0.506080 0.079761 0.250295
0 0.326873 0.513443 0.082194 0.215932
0 0.367560 0.460682 0.073328 0.174227
0 0.328888 0.415284 0.047537 0.110432
0 0.411075 0.549023 0.097493 0.238045
0 0.481179 0.549034 0.086209 0.301841
0 0.448545 0.432580 0.049955 0.130068
0 0.528321 0.550989 0.080582 0.283432
0 0.542022 0.404852 0.059627 0.101841
0 0.605672 0.564420 0.098299 0.302932
0 0.637500 0.444784 0.084612 0.225886
0 0.679000 0.403750 0.048358 0.116545
0 0.714455 0.634364 0.069299 0.536091
0 0.766828 0.766818 0.091866 0.379136
0 0.873597 0.791364 0.150687 0.415955
0 0.802687 0.677852 0.102328 0.505523
0 0.832507 0.498102 0.124896 0.330068
0 0.906231 0.491364 0.098313 0.373000
0 0.959560 0.672341 0.080881 0.641727
