0 0.823071 0.877758 0.125439 0.244484
0 0.719404 0.854285 0.066211 0.172999
0 0.648413 0.830970 0.060107 0.182820
0 0.530269 0.834477 0.026045 0.114787
0 0.554893 0.856967 0.033184 0.142022
0 0.513721 0.840990 0.034863 0.131362
0 0.476963 0.832084 0.030254 0.124195
0 0.495864 0.806073 0.015967 0.095860
0 0.389580 0.832407 0.044531 0.155626
0 0.352402 0.823528 0.027305 0.129587
0 0.289385 0.830344 0.026465 0.130179
0 0.157686 0.810516 0.047051 0.146149
0 0.318164 0.839512 0.034453 0.128404
0 0.600054 0.825901 0.026885 0.103549
