0 0.021085 0.555115 0.026108 0.107929
0 0.046935 0.561156 0.024546 0.111475
0 0.081762 0.563436 0.038292 0.175743
0 0.117442 0.591250 0.057438 0.268044
0 0.187069 0.609299 0.071369 0.340837
0 0.281058 0.601899 0.057438 0.257395
0 0.240058 0.552442 0.021762 0.099027
0 0.334712 0.597118 0.040977 0.192312
0 0.312412 0.534984 0.026838 0.072981
0 0.368073 0.569012 0.025023 0.124257
0 0.428812 0.604759 0.032638 0.216464
0 0.465981 0.574430 0.037346 0.170617
0 0.537881 0.705868 0.099731 0.396925
0 0.494585 0.564032 0.019646 0.122458
0 0.570285 0.550267 0.016923 0.063692
0 0.589619 0.569372 0.015715 0.103556
0 0.600350 0.568546 0.012392 0.098619
0 0.614250 0.573687 0.025085 0.115471
0 0.629358 0.540403 0.014808 0.046433
0 0.636762 0.542249 0.016323 0.060000
0 0.683904 0.575743 0.030823 0.140126
0 0.702031 0.564440 0.015108 0.091224
0 0.713215 0.556224 0.014508 0.061632
0 0.811500 0.607578 0.086154 0.279885
0 0.972092 0.652537 0.055815 0.359571
0 0.902823 0.556234 0.019754 0.068013
0 0.946108 0.558614 0.017138 0.065638
0 0.635015 0.270267 0.056400 0.184048
0 0.013727 0.392725 0.027454 0.068881
0 0.960900 0.290507 0.063908 0.104299
