0 0.910314 0.855475 0.052286 0.132565
0 0.902821 0.778551 0.032647 0.044988
0 0.014479 0.842150 0.028957 0.103967
0 0.361130 0.900451 0.050281 0.184608
0 0.466203 0.880926 0.041310 0.162138
0 0.519826 0.822043 0.031979 0.082233
0 0.586096 0.907031 0.076604 0.185938
0 0.665862 0.838907 0.045628 0.131354
0 0.609412 0.826473 0.027968 0.111235
0 0.616070 0.761983 0.015989 0.062732
0 0.647380 0.747779 0.019973 0.059169
0 0.733302 0.824715 0.043957 0.113610
0 0.876176 0.894596 0.089920 0.210808
0 0.966598 0.801924 0.048944 0.128409
