0 0.218676 0.671750 0.103398 0.199417
0 0.370676 0.716125 0.134023 0.197042
0 0.275262 0.636542 0.074555 0.170417
0 0.320746 0.536839 0.055477 0.108281
0 0.382879 0.539797 0.053695 0.126031
0 0.547969 0.583880 0.070562 0.105323
0 0.501152 0.527073 0.039055 0.092312
0 0.574598 0.533286 0.055477 0.121302
0 0.611652 0.488906 0.032836 0.122479
0 0.628520 0.496896 0.024852 0.120708
0 0.125477 0.554292 0.070563 0.140833
0 0.083766 0.525594 0.043938 0.096458
0 0.068230 0.492755 0.030617 0.080469
0 0.034727 0.517016 0.041719 0.084031
