0 0.042025 0.614962 0.084050 0.652264
0 0.114775 0.546500 0.116075 0.636057
0 0.179056 0.561962 0.082913 0.525660
0 0.267344 0.589198 0.087788 0.468208
0 0.242469 0.609075 0.067312 0.469698
0 0.334644 0.573736 0.089738 0.419623
0 0.325381 0.407358 0.098512 0.207623
0 0.402931 0.586991 0.081938 0.549189
0 0.403900 0.356557 0.046825 0.111906
0 0.457556 0.302821 0.083888 0.275340
0 0.499988 0.573736 0.086825 0.575698
0 0.540081 0.284415 0.080962 0.329811
0 0.602894 0.287358 0.079987 0.238528
0 0.570219 0.602453 0.071213 0.568340
0 0.606800 0.705519 0.083900 0.580132
0 0.664844 0.651038 0.079013 0.533019
0 0.717512 0.682689 0.102425 0.596321
0 0.787844 0.676811 0.131688 0.646377
0 0.933675 0.642208 0.132650 0.715585
0 0.862469 0.383066 0.099488 0.335717
0 0.800431 0.380858 0.094613 0.251792
0 0.738975 0.331528 0.102425 0.226755
0 0.679475 0.357302 0.063400 0.142830
