0 0.619734 0.742047 0.019000 0.049105
0 0.703219 0.775772 0.089687 0.265682
0 0.846531 0.766644 0.146406 0.387696
0 0.908125 0.797338 0.137469 0.346801
0 0.945586 0.735548 0.108828 0.461834
0 0.590563 0.733758 0.012062 0.043400
0 0.604164 0.736723 0.010328 0.041409
0 0.090117 0.719273 0.032234 0.125436
0 0.083109 0.712170 0.038812 0.131365
0 0.114539 0.716309 0.029766 0.138479
0 0.152562 0.718087 0.034719 0.121902
0 0.389258 0.708613 0.020672 0.046353
0 0.183719 0.718378 0.027687 0.121320
0 0.205422 0.719564 0.032250 0.122483
0 0.042172 0.707136 0.049594 0.178121
0 0.261422 0.725179 0.034312 0.104139
0 0.286008 0.725179 0.028109 0.104139
0 0.323828 0.730213 0.034312 0.105928
0 0.348414 0.722517 0.019828 0.085794
0 0.481703 0.727248 0.014875 0.063311
