0 0.592512 0.758861 0.008300 0.068533
0 0.353575 0.811545 0.038975 0.109917
0 0.336872 0.802643 0.025056 0.166762
0 0.411225 0.816850 0.030850 0.104788
0 0.470731 0.821471 0.046863 0.090065
0 0.618628 0.862394 0.042456 0.158201
0 0.256600 0.802297 0.027375 0.097601
0 0.398456 0.756601 0.015037 0.066153
0 0.410844 0.746946 0.010300 0.042731
0 0.435900 0.759889 0.013638 0.057122
0 0.051231 0.761411 0.016113 0.094410
0 0.062753 0.767477 0.011119 0.086559
0 0.070647 0.766522 0.009181 0.091310
0 0.091106 0.769613 0.011762 0.094649
0 0.108666 0.798506 0.041406 0.084889
0 0.154744 0.794700 0.029163 0.084419
0 0.189738 0.810300 0.041788 0.124179
0 0.084331 0.763381 0.012487 0.089769
0 0.102184 0.739105 0.012219 0.040424
0 0.116819 0.763875 0.013825 0.080461
0 0.129709 0.766550 0.014094 0.086199
0 0.146759 0.748418 0.014906 0.051522
0 0.163809 0.749705 0.014094 0.052915
0 0.158375 0.726522 0.007788 0.015258
0 0.173141 0.736923 0.011006 0.043589
0 0.181600 0.732860 0.010475 0.035867
0 0.187641 0.744949 0.009669 0.052906
0 0.199322 0.764170 0.013156 0.081052
0 0.138234 0.727214 0.013694 0.027749
0 0.149625 0.662998 0.007925 0.041624
0 0.213287 0.748404 0.014638 0.027380
0 0.241306 0.725766 0.009325 0.036882
0 0.251247 0.713870 0.010294 0.025101
0 0.257625 0.713787 0.008275 0.025268
0 0.353375 0.739428 0.007737 0.034539
0 0.372013 0.730581 0.007175 0.014723
0 0.515269 0.753012 0.008950 0.039493
0 0.523194 0.750055 0.009138 0.045406
0 0.535500 0.750051 0.007275 0.041559
0 0.541325 0.747094 0.009600 0.054354
0 0.553169 0.748745 0.007925 0.044723
0 0.564728 0.753220 0.006431 0.043487
0 0.559600 0.749645 0.007737 0.048994
0 0.571069 0.747232 0.010162 0.052435
0 0.578994 0.747302 0.008487 0.049548
0 0.587106 0.747168 0.005687 0.050646
0 0.602862 0.754599 0.012400 0.072113
0 0.611856 0.749576 0.009325 0.060959
0 0.631019 0.754045 0.012025 0.050913
0 0.646541 0.756245 0.012869 0.060277
0 0.653812 0.756799 0.006713 0.055590
0 0.640666 0.727625 0.008394 0.009363
0 0.664534 0.753704 0.012306 0.059585
0 0.680247 0.757071 0.011469 0.058072
0 0.687100 0.747440 0.011187 0.064124
0 0.704116 0.749502 0.011281 0.060554
0 0.694744 0.749571 0.011750 0.046928
0 0.749938 0.752671 0.014175 0.057242
0 0.844641 0.802708 0.034519 0.140120
0 0.863350 0.787339 0.029788 0.101079
0 0.982581 0.832500 0.034838 0.126365
0 0.941616 0.747066 0.016006 0.057528
0 0.967488 0.778736 0.019487 0.054446
0 0.975487 0.760932 0.016937 0.032528
0 0.814875 0.751997 0.015200 0.061928
0 0.826791 0.750770 0.009981 0.058072
0 0.836881 0.733210 0.010350 0.027934
0 0.849091 0.729013 0.011469 0.019539
0 0.770122 0.731162 0.005506 0.015480
0 0.800234 0.728538 0.005381 0.013478
0 0.797803 0.741296 0.005956 0.020452
0 0.963372 0.733851 0.007719 0.027076
