0 0.157187 0.573423 0.102844 0.662595
0 0.273906 0.468143 0.081250 0.413736
0 0.377766 0.482136 0.077125 0.421096
0 0.092398 0.467405 0.076109 0.482953
0 0.036430 0.430593 0.072859 0.362215
0 0.246109 0.305168 0.023813 0.073289
0 0.329305 0.285045 0.038234 0.104049
0 0.484398 0.373076 0.043453 0.229195
0 0.518023 0.374362 0.035703 0.197673
0 0.590922 0.486409 0.093437 0.418367
0 0.739711 0.507282 0.077953 0.446510
0 0.821234 0.457864 0.056531 0.327181
0 0.948594 0.615078 0.068437 0.309306
0 0.900992 0.503456 0.074391 0.457562
0 0.952758 0.391398 0.049391 0.281186
0 0.926875 0.344105 0.040469 0.181499
0 0.787320 0.435280 0.044641 0.312707
0 0.806953 0.284038 0.026781 0.049418
