0 0.860000 0.601225 0.008817 0.020661
0 0.134675 0.785317 0.236800 0.429367
0 0.437579 0.700461 0.071758 0.173700
0 0.617833 0.725517 0.112767 0.215844
0 0.740933 0.745167 0.083717 0.250589
0 0.793483 0.712753 0.061933 0.204550
0 0.863250 0.717025 0.081867 0.197906
0 0.825167 0.609053 0.032750 0.030372
0 0.909658 0.630497 0.021750 0.071850
0 0.942042 0.621928 0.031150 0.058667
0 0.852108 0.602433 0.010017 0.021933
0 0.878812 0.610461 0.022408 0.029089
0 0.895383 0.609906 0.016450 0.032744
0 0.795367 0.608236 0.023367 0.024317
0 0.717358 0.613086 0.038150 0.034650
0 0.260100 0.656481 0.040367 0.127439
0 0.286054 0.654147 0.032958 0.096950
0 0.329933 0.649339 0.042433 0.114256
0 0.379163 0.648378 0.031308 0.081567
0 0.209221 0.628878 0.030892 0.048067
0 0.236204 0.644531 0.032958 0.093106
0 0.188621 0.628192 0.028425 0.044494
0 0.052258 0.622700 0.044083 0.081844
0 0.511442 0.636381 0.036333 0.084683
0 0.660350 0.620358 0.028033 0.036239
0 0.647046 0.645153 0.046058 0.072861
0 0.563554 0.705014 0.076625 0.209283
