0 0.129016 0.682276 0.103438 0.459260
0 0.274742 0.639215 0.100016 0.453498
0 0.334078 0.498576 0.026781 0.123879
0 0.406680 0.506637 0.018516 0.139058
0 0.474641 0.500706 0.028125 0.134776
0 0.542609 0.568330 0.048281 0.273834
0 0.583453 0.511143 0.029437 0.158520
0 0.652906 0.569283 0.049937 0.300404
0 0.713859 0.665336 0.099750 0.502018
0 0.847922 0.738946 0.112750 0.193677
0 0.782852 0.522018 0.029766 0.122915
0 0.839242 0.470762 0.015547 0.087803
0 0.892984 0.513004 0.027781 0.196951
0 0.935156 0.515617 0.042000 0.219260
0 0.977250 0.530090 0.045500 0.214036
