0 0.080649 0.896943 0.070713 0.198379
0 0.158980 0.900063 0.063780 0.199873
0 0.271840 0.895352 0.158060 0.207461
0 0.325713 0.881519 0.089429 0.219736
0 0.470606 0.903354 0.070029 0.184619
0 0.590193 0.888911 0.126177 0.222178
0 0.712561 0.898403 0.068631 0.203193
0 0.801990 0.886978 0.131027 0.225908
0 0.810307 0.819585 0.068631 0.091123
0 0.926127 0.901963 0.147746 0.196074
0 0.946191 0.830024 0.078345 0.086377
0 0.988174 0.847588 0.023652 0.107266
0 0.665357 0.880781 0.056163 0.176602
0 0.449116 0.814727 0.036919 0.069766
0 0.490635 0.798931 0.042126 0.050811
0 0.515713 0.814175 0.028887 0.028564
0 0.526041 0.892534 0.073623 0.214932
0 0.226419 0.856934 0.066534 0.111230
