0 0.678907 0.296467 0.079814 0.452976
0 0.125229 0.471585 0.053943 0.097131
0 0.171279 0.464186 0.035529 0.094197
0 0.189871 0.438308 0.027314 0.137088
0 0.230007 0.413394 0.020729 0.101092
0 0.259443 0.399839 0.021057 0.054240
0 0.298429 0.400824 0.031257 0.093683
0 0.812500 0.455685 0.032171 0.097024
0 0.857814 0.462816 0.048171 0.091884
0 0.811936 0.383201 0.034071 0.062206
0 0.862857 0.403330 0.024000 0.063062
0 0.898650 0.439850 0.034643 0.139529
0 0.951857 0.447120 0.020371 0.119850
0 0.964043 0.438704 0.020743 0.139550
0 0.990636 0.452837 0.018729 0.118694
