0 0.745477 0.703365 0.130685 0.480593
0 0.684843 0.643292 0.124797 0.544197
0 0.547095 0.688347 0.108317 0.478821
0 0.580060 0.525796 0.120092 0.351606
0 0.468799 0.668911 0.102430 0.517692
0 0.386389 0.698944 0.168361 0.563632
0 0.338703 0.429501 0.094185 0.173155
0 0.283368 0.595586 0.124797 0.448784
0 0.198599 0.715731 0.218983 0.522996
0 0.072625 0.759906 0.122445 0.367511
0 0.070270 0.510774 0.103607 0.222619
0 0.125017 0.491339 0.060043 0.173155
0 0.158570 0.448050 0.082416 0.114841
0 0.138554 0.387974 0.065931 0.136049
0 0.027481 0.387978 0.054961 0.167851
