0 0.675105 0.724914 0.176400 0.550173
0 0.906081 0.651547 0.092581 0.297424
0 0.573262 0.751417 0.118905 0.497165
0 0.436333 0.605173 0.039962 0.192878
0 0.467033 0.603842 0.050676 0.231165
0 0.416843 0.644338 0.049705 0.209079
0 0.389552 0.634029 0.057505 0.220863
0 0.362262 0.631086 0.049705 0.209079
0 0.274452 0.632554 0.051648 0.220849
0 0.187714 0.614741 0.039962 0.182576
0 0.218905 0.605906 0.024362 0.185511
0 0.218024 0.477072 0.036067 0.125165
0 0.243852 0.511820 0.021438 0.108964
0 0.282833 0.508878 0.033133 0.126619
0 0.321819 0.520655 0.040933 0.179640
0 0.127390 0.631813 0.057505 0.213496
0 0.057219 0.618417 0.059448 0.231165
0 0.094743 0.550101 0.040933 0.135453
0 0.396376 0.520511 0.032162 0.138403
0 0.360805 0.499151 0.038981 0.133986
