0 0.184346 0.492518 0.023954 0.099352
0 0.064773 0.619274 0.107485 0.461348
0 0.127935 0.494916 0.035715 0.145569
0 0.103977 0.433673 0.021785 0.060951
0 0.152546 0.478051 0.031800 0.155622
0 0.209827 0.487492 0.026131 0.144911
0 0.265800 0.476573 0.023954 0.139645
0 0.295204 0.513553 0.035715 0.160355
0 0.342250 0.507341 0.040069 0.160951
0 0.370342 0.470658 0.025700 0.120711
0 0.382977 0.459415 0.017862 0.111243
0 0.410638 0.474504 0.026138 0.118934
0 0.507777 0.488406 0.044431 0.195266
0 0.586288 0.666050 0.122946 0.388548
0 0.711581 0.487043 0.030838 0.175381
0 0.765427 0.636546 0.100885 0.485758
0 0.804223 0.545637 0.048923 0.238234
0 0.879873 0.620789 0.075269 0.451944
0 0.971173 0.577847 0.057654 0.349697
