0 0.759627 0.669326 0.197700 0.563626
0 0.929888 0.606604 0.140223 0.554796
0 0.851327 0.472315 0.152177 0.328642
0 0.827915 0.401641 0.154785 0.279164
0 0.682885 0.447581 0.091046 0.254431
0 0.512496 0.723793 0.210715 0.552414
0 0.440958 0.498824 0.111854 0.328642
0 0.377227 0.673741 0.130069 0.632539
0 0.456565 0.381327 0.111854 0.291536
0 0.541112 0.444049 0.106654 0.349833
0 0.221142 0.705549 0.236731 0.508861
0 0.068950 0.671975 0.137900 0.629007
0 0.087819 0.423730 0.084546 0.227921
0 0.189923 0.393694 0.093646 0.192591
0 0.287477 0.459070 0.117062 0.252665
