0 0.246461 0.608352 0.156172 0.462668
0 0.425781 0.623688 0.154969 0.403027
0 0.773062 0.547332 0.229625 0.497444
0 0.826141 0.268139 0.166219 0.401076
0 0.083055 0.389170 0.132984 0.607803
0 0.135078 0.383004 0.031750 0.190538
0 0.201883 0.386839 0.032578 0.187578
0 0.314031 0.391883 0.035875 0.244978
0 0.337953 0.397209 0.031750 0.237870
0 0.370937 0.385964 0.023500 0.205919
0 0.466812 0.394843 0.028031 0.188161
0 0.496508 0.393363 0.028047 0.142601
0 0.640258 0.405011 0.043047 0.234327
0 0.695375 0.394507 0.045531 0.239283
0 0.982516 0.414563 0.024062 0.073969
0 0.527375 0.419047 0.020875 0.091233
