0 0.099485 0.591310 0.162404 0.775940
0 0.252563 0.575110 0.126420 0.787740
0 0.392708 0.555900 0.138098 0.731640
0 0.536638 0.580260 0.105033 0.812760
0 0.699531 0.565550 0.102127 0.747980
0 0.821050 0.606770 0.113884 0.768580
0 0.918738 0.567750 0.105033 0.740620
0 0.861843 0.251120 0.084610 0.257520
0 0.772860 0.323330 0.087517 0.384300
0 0.636711 0.262230 0.097252 0.312140
0 0.586136 0.536020 0.106988 0.786120
0 0.470410 0.272460 0.077807 0.315240
0 0.325495 0.545670 0.106975 0.840740
0 0.184967 0.284240 0.107952 0.297560
