0 0.110363 0.932111 0.072850 0.135778
0 0.030556 0.918911 0.055113 0.162178
0 0.361294 0.912511 0.085838 0.174978
0 0.170037 0.934956 0.019650 0.103956
0 0.176262 0.927289 0.017725 0.093733
0 0.224694 0.927278 0.028238 0.107356
0 0.268044 0.928133 0.021088 0.074978
0 0.418312 0.949011 0.013900 0.087756
0 0.393144 0.933244 0.017263 0.097156
0 0.519463 0.940911 0.020550 0.095422
0 0.450419 0.917478 0.018687 0.062200
0 0.542206 0.934522 0.020138 0.113311
0 0.550350 0.928133 0.020125 0.092044
0 0.574081 0.927278 0.020613 0.081800
0 0.603081 0.934956 0.018212 0.078400
0 0.620113 0.926000 0.016825 0.104800
0 0.635188 0.934522 0.013425 0.096289
0 0.650525 0.926144 0.025875 0.147711
0 0.670181 0.921889 0.043137 0.156222
0 0.741613 0.930689 0.031675 0.126089
0 0.777344 0.945178 0.021562 0.105644
0 0.839125 0.929556 0.060875 0.140889
0 0.882550 0.915067 0.045050 0.169867
0 0.932113 0.921467 0.039775 0.157067
0 0.965206 0.917633 0.043563 0.164733
