0 0.760931 0.573163 0.030631 0.086705
0 0.729700 0.566584 0.033031 0.092453
0 0.690669 0.562889 0.032431 0.112179
0 0.702527 0.566789 0.020115 0.101095
0 0.658535 0.555695 0.039638 0.128211
0 0.620100 0.556721 0.035431 0.107253
0 0.568450 0.563500 0.030023 0.098621
0 0.590373 0.562063 0.025823 0.096568
0 0.430015 0.564737 0.032431 0.092042
0 0.411100 0.572542 0.019815 0.069042
0 0.381673 0.562268 0.028823 0.095337
0 0.335127 0.573158 0.024023 0.070274
0 0.309004 0.569458 0.021023 0.066979
0 0.286631 0.566174 0.028523 0.085063
0 0.216515 0.571926 0.016815 0.064505
0 0.117869 0.572958 0.023723 0.065747
0 0.060215 0.586721 0.011108 0.028347
0 0.045804 0.580968 0.018315 0.048905
0 0.030338 0.576237 0.020415 0.055884
0 0.012169 0.571311 0.017123 0.041905
0 0.006012 0.574389 0.012023 0.036568
