0 0.301215 0.632052 0.055012 0.240146
0 0.212899 0.654490 0.040563 0.215979
0 0.125252 0.647823 0.028063 0.231271
0 0.078445 0.626625 0.021115 0.184917
0 0.102336 0.625635 0.022230 0.132646
0 0.394032 0.586438 0.012782 0.107500
0 0.525710 0.693438 0.045552 0.325458
0 0.557383 0.647094 0.033333 0.263313
0 0.632001 0.578844 0.009073 0.064396
0 0.639718 0.589969 0.009836 0.048979
0 0.771766 0.574385 0.009261 0.047937
0 0.783732 0.570281 0.010798 0.063687
0 0.795599 0.567198 0.009460 0.063687
0 0.802835 0.571135 0.008486 0.058563
