0 0.322764 0.746284 0.306636 0.507431
0 0.388982 0.630388 0.174200 0.466462
0 0.472500 0.340977 0.124091 0.328643
0 0.548264 0.601769 0.161073 0.396494
0 0.815518 0.485153 0.189709 0.523716
0 0.913427 0.725800 0.173145 0.466462
0 0.672945 0.375961 0.195673 0.470695
0 0.261318 0.334620 0.145564 0.286236
0 0.133059 0.332496 0.168227 0.260792
0 0.143791 0.692221 0.211182 0.615557
0 0.299500 0.179838 0.107382 0.320162
0 0.392564 0.165000 0.107382 0.298950
0 0.579882 0.162536 0.145564 0.325073
0 0.171236 0.177383 0.187327 0.354766
