0 0.602087 0.703490 0.037432 0.183200
0 0.619321 0.678663 0.021227 0.154784
0 0.641233 0.667022 0.027162 0.146559
0 0.698294 0.710679 0.041768 0.217447
0 0.780331 0.665775 0.031501 0.141764
0 0.800736 0.670704 0.025745 0.135195
0 0.833466 0.669268 0.040263 0.157792
0 0.909335 0.684060 0.046289 0.189841
0 0.957405 0.674814 0.050946 0.149167
0 0.991028 0.660433 0.017944 0.135189
0 0.872222 0.677485 0.032867 0.141359
0 0.749518 0.661047 0.021366 0.097797
0 0.722127 0.653447 0.017527 0.112997
0 0.711583 0.619137 0.011779 0.039447
0 0.557374 0.629934 0.013923 0.033216
0 0.538316 0.630792 0.013696 0.032192
