0 0.090897 0.811938 0.061127 0.208881
0 0.152893 0.820223 0.048120 0.204140
0 0.221390 0.802470 0.046393 0.206506
0 0.189960 0.796852 0.026880 0.192903
0 0.026300 0.730692 0.023840 0.073376
0 0.058943 0.746278 0.025593 0.119854
0 0.076143 0.734290 0.018287 0.073967
0 0.133733 0.733267 0.029107 0.071228
0 0.173127 0.707925 0.015053 0.033558
0 0.184537 0.719563 0.019820 0.033558
0 0.200847 0.718367 0.017307 0.033221
0 0.251040 0.770710 0.018933 0.127789
0 0.282817 0.739277 0.021673 0.099445
0 0.294560 0.775437 0.030707 0.133130
0 0.314127 0.766392 0.018667 0.141356
0 0.335773 0.742357 0.019867 0.075196
0 0.369493 0.776874 0.047573 0.174641
0 0.402460 0.762493 0.021973 0.140127
0 0.435277 0.740714 0.037033 0.083412
0 0.417363 0.748931 0.017460 0.118753
0 0.448620 0.806442 0.100800 0.246551
0 0.520153 0.788203 0.059613 0.249509
0 0.545620 0.796087 0.026733 0.207097
0 0.585237 0.756328 0.022887 0.125323
0 0.566120 0.766397 0.018360 0.152866
0 0.604357 0.708872 0.018367 0.046024
0 0.615043 0.748521 0.050580 0.149163
0 0.631300 0.820637 0.074067 0.208753
0 0.695127 0.802971 0.061413 0.233403
0 0.781410 0.791665 0.042447 0.253540
0 0.898193 0.785096 0.112000 0.256415
0 0.842953 0.806197 0.063947 0.199709
0 0.956613 0.812853 0.086773 0.198226
0 0.981720 0.757384 0.036560 0.141520
0 0.786223 0.290177 0.161887 0.406033
0 0.681980 0.317197 0.061133 0.217179
0 0.615043 0.392884 0.029967 0.196833
0 0.635957 0.425264 0.021847 0.135478
0 0.173670 0.485332 0.043700 0.109063
0 0.218930 0.488740 0.031833 0.110764
0 0.214870 0.398844 0.036207 0.075833
0 0.134963 0.448267 0.042447 0.126961
0 0.592257 0.482775 0.021847 0.132921
0 0.538567 0.525805 0.035587 0.201947
