0 0.687052 0.494466 0.074250 0.316562
0 0.744688 0.509922 0.064479 0.353375
0 0.822849 0.481954 0.078156 0.350440
0 0.939109 0.515824 0.099656 0.438776
0 0.407630 0.523179 0.050802 0.176688
0 0.355844 0.535691 0.037125 0.189937
0 0.371964 0.484898 0.024427 0.138399
0 0.305531 0.555573 0.043958 0.173752
0 0.302599 0.540848 0.059594 0.203203
0 0.233724 0.527598 0.044948 0.156075
0 0.192203 0.524655 0.043969 0.159011
0 0.141396 0.530542 0.016604 0.111915
0 0.120391 0.523909 0.015635 0.098650
0 0.083755 0.517292 0.016615 0.067739
0 0.107693 0.512135 0.013677 0.075102
0 0.045161 0.495204 0.013677 0.053014
0 0.026599 0.487841 0.013677 0.035338
