0 0.421806 0.903246 0.049262 0.193509
0 0.365798 0.909786 0.059911 0.180429
0 0.331627 0.925192 0.035061 0.146152
0 0.291242 0.900931 0.030622 0.127222
0 0.311657 0.886730 0.033284 0.123672
0 0.527117 0.915725 0.040827 0.159171
0 0.555521 0.915703 0.037279 0.168595
0 0.599677 0.931087 0.037724 0.137827
0 0.655594 0.922212 0.051036 0.155576
0 0.615432 0.863062 0.050594 0.135502
0 0.659812 0.844718 0.020414 0.073962
0 0.773200 0.896471 0.066124 0.207059
0 0.494499 0.918386 0.026186 0.134910
0 0.507368 0.861581 0.035061 0.066275
0 0.463212 0.916589 0.044378 0.166822
0 0.477191 0.859216 0.007543 0.033137
0 0.015904 0.878928 0.009810 0.032700
0 0.005127 0.884277 0.010254 0.043399
0 0.028759 0.886458 0.008768 0.034281
0 0.049047 0.886953 0.013971 0.058660
0 0.061530 0.884377 0.009213 0.037651
0 0.074982 0.885566 0.012335 0.045184
0 0.110875 0.869614 0.022295 0.035470
0 0.098761 0.885466 0.012338 0.065196
0 0.148549 0.880811 0.009066 0.050731
0 0.126258 0.878333 0.007877 0.038644
0 0.908197 0.874718 0.022687 0.062778
0 0.931204 0.873007 0.030178 0.070768
0 0.867106 0.864730 0.012840 0.048513
0 0.872134 0.854459 0.016051 0.045086
0 0.990483 0.889557 0.019035 0.163795
