0 0.254389 0.705951 0.028261 0.073333
0 0.280285 0.705951 0.024402 0.063062
0 0.314314 0.705240 0.030829 0.065625
0 0.362683 0.720788 0.051372 0.112717
0 0.406250 0.695444 0.025571 0.058261
0 0.453662 0.693564 0.021101 0.053705
0 0.520992 0.678284 0.020217 0.020009
0 0.481440 0.684035 0.020190 0.024375
0 0.493193 0.709991 0.033587 0.032301
0 0.521583 0.708999 0.032106 0.020806
0 0.571209 0.707319 0.062147 0.094511
0 0.630279 0.746526 0.067296 0.053759
0 0.647486 0.697726 0.040054 0.027391
0 0.934721 0.783759 0.122704 0.096540
0 0.764735 0.681612 0.054389 0.046178
0 0.661732 0.676757 0.016644 0.022989
0 0.652677 0.670616 0.014565 0.018623
0 0.854205 0.684887 0.031807 0.050335
0 0.978526 0.711495 0.027812 0.022591
