0 0.260304 0.801317 0.105562 0.245404
0 0.199088 0.793227 0.068085 0.208762
0 0.384608 0.817078 0.101815 0.201941
0 0.474865 0.834124 0.101192 0.186611
0 0.518908 0.816658 0.051846 0.199381
0 0.574185 0.831144 0.059969 0.185750
0 0.734538 0.814654 0.049446 0.177513
0 0.691812 0.784769 0.031669 0.137870
0 0.636938 0.779743 0.024292 0.127817
0 0.650819 0.775304 0.020823 0.124858
0 0.671423 0.774711 0.017785 0.115383
0 0.809800 0.794239 0.032538 0.140231
0 0.779146 0.772156 0.026754 0.121794
0 0.837127 0.796312 0.032531 0.158583
