0 0.363190 0.845697 0.058020 0.213613
0 0.339945 0.577886 0.019730 0.125457
0 0.369345 0.621679 0.015390 0.111244
0 0.453810 0.621964 0.031180 0.137871
0 0.511430 0.600367 0.021700 0.132549
0 0.538665 0.679955 0.024870 0.153253
0 0.572800 0.687061 0.035520 0.160360
0 0.609905 0.661619 0.029990 0.115382
0 0.656475 0.668718 0.033150 0.101184
0 0.776855 0.825225 0.056830 0.194078
0 0.761460 0.970600 0.033160 0.058801
0 0.821255 0.939835 0.060390 0.120330
0 0.447690 0.538538 0.027620 0.088171
0 0.493080 0.530247 0.026840 0.114198
0 0.479855 0.469595 0.013030 0.086387
0 0.462100 0.461904 0.019340 0.075742
0 0.450650 0.470487 0.017760 0.076327
0 0.431510 0.479655 0.028420 0.091124
