0 0.077478 0.676055 0.134739 0.246622
0 0.172875 0.674823 0.086815 0.266254
0 0.252451 0.642920 0.088620 0.315339
0 0.358245 0.665015 0.065098 0.239263
0 0.419641 0.664395 0.063304 0.314100
0 0.490625 0.668075 0.076859 0.321460
0 0.567038 0.717153 0.052446 0.284661
0 0.637114 0.723901 0.087707 0.310428
0 0.714424 0.762552 0.101283 0.309204
0 0.811179 0.803046 0.124793 0.338658
0 0.927375 0.742308 0.105793 0.435590
0 0.840565 0.571143 0.111217 0.292021
0 0.831076 0.430037 0.075957 0.152139
0 0.778266 0.395686 0.049728 0.083437
0 0.760179 0.526976 0.076859 0.245398
0 0.697332 0.538628 0.072337 0.253982
0 0.703663 0.400590 0.050630 0.085900
0 0.643533 0.509181 0.084087 0.197537
0 0.653478 0.390162 0.060587 0.094484
0 0.614505 0.422677 0.058772 0.161962
0 0.578337 0.506114 0.069630 0.223319
0 0.525891 0.468075 0.073239 0.191401
0 0.459429 0.480959 0.108511 0.224543
0 0.463946 0.335560 0.056065 0.100619
0 0.516397 0.372987 0.034359 0.079749
0 0.392152 0.405501 0.071435 0.196313
0 0.357793 0.466851 0.087717 0.203673
0 0.291332 0.470531 0.088620 0.247847
0 0.164739 0.498142 0.115739 0.148466
0 0.089592 0.555199 0.081380 0.134971
0 0.039826 0.462552 0.079652 0.224543
0 0.103158 0.386482 0.065098 0.126386
0 0.133446 0.424521 0.060587 0.153378
0 0.185897 0.408569 0.055163 0.109204
0 0.183723 0.334336 0.041598 0.080973
0 0.228484 0.412861 0.029837 0.073628
0 0.228033 0.366239 0.025326 0.061357
0 0.291332 0.320833 0.041598 0.073614
0 0.319364 0.344764 0.023511 0.069941
0 0.935924 0.428201 0.128152 0.182832
