0 0.045168 0.832571 0.090335 0.334858
0 0.093537 0.818374 0.064970 0.363252
0 0.238117 0.897185 0.095320 0.205630
0 0.192851 0.830437 0.070823 0.339126
0 0.352081 0.839319 0.115564 0.321362
0 0.292912 0.753272 0.035061 0.165081
0 0.798788 0.841372 0.067088 0.317256
0 0.846456 0.835691 0.053796 0.328618
0 0.926067 0.827530 0.072439 0.344939
0 0.985404 0.800620 0.029192 0.269817
0 0.718880 0.775965 0.053247 0.267256
0 0.645107 0.793963 0.045488 0.243089
0 0.584268 0.773740 0.034756 0.188862
0 0.484413 0.732571 0.022942 0.109451
0 0.457965 0.736026 0.024040 0.110467
0 0.435434 0.732083 0.018155 0.096646
0 0.519916 0.721230 0.015534 0.087785
0 0.502919 0.718028 0.017790 0.087276
0 0.550244 0.734543 0.020701 0.120305
0 0.692256 0.732073 0.022927 0.132154
0 0.947431 0.669553 0.021814 0.041911
0 0.763079 0.739482 0.022561 0.149898
0 0.399878 0.731677 0.025518 0.119329
0 0.369710 0.733415 0.039177 0.109959
