0 0.112677 0.507843 0.059462 0.293969
0 0.145538 0.543209 0.048831 0.322084
0 0.188415 0.580696 0.055708 0.385141
0 0.260712 0.546188 0.062592 0.334869
0 0.285438 0.442660 0.061969 0.178932
0 0.350227 0.595183 0.088885 0.463539
0 0.461958 0.624157 0.060715 0.364691
0 0.425965 0.565361 0.042562 0.335728
0 0.529246 0.626288 0.088892 0.428597
0 0.547712 0.481859 0.033177 0.151675
0 0.599038 0.593052 0.082000 0.433707
0 0.691369 0.605408 0.093892 0.388555
0 0.648177 0.436702 0.052585 0.127812
0 0.720158 0.548749 0.065100 0.292262
0 0.795588 0.611377 0.087008 0.458419
0 0.851300 0.594335 0.065723 0.378325
0 0.942058 0.539372 0.076992 0.365550
0 0.904188 0.556414 0.065100 0.336576
0 0.985585 0.542356 0.028831 0.342534
0 0.916708 0.402613 0.043815 0.085204
0 0.830015 0.378759 0.054462 0.112471
0 0.729235 0.403042 0.040685 0.080953
0 0.656315 0.385147 0.063846 0.108220
0 0.621573 0.365550 0.054454 0.072419
0 0.574004 0.380885 0.043192 0.094586
0 0.488873 0.395801 0.049454 0.095435
0 0.430973 0.370236 0.032546 0.068157
0 0.214704 0.372366 0.043192 0.094576
