0 0.417781 0.754494 0.081719 0.399313
0 0.323359 0.589294 0.040859 0.270338
0 0.528758 0.805687 0.091656 0.388625
0 0.638637 0.687356 0.079508 0.286238
0 0.555266 0.648487 0.065156 0.222625
0 0.609926 0.612263 0.061836 0.224400
0 0.722566 0.733287 0.086133 0.424050
0 0.752383 0.532756 0.044172 0.242062
0 0.813117 0.533637 0.019875 0.233225
0 0.845141 0.545119 0.039750 0.199663
0 0.938453 0.545119 0.047484 0.189062
0 0.138945 0.503600 0.045281 0.215550
0 0.184223 0.507131 0.049695 0.265038
0 0.214035 0.501831 0.038648 0.236763
0 0.237227 0.497413 0.045281 0.206725
0 0.258211 0.466494 0.027609 0.155487
0 0.067719 0.490350 0.053000 0.189050
