0 0.081592 0.661048 0.083246 0.355037
0 0.026623 0.703299 0.053246 0.404032
0 0.234546 0.575412 0.043923 0.257754
0 0.198800 0.539979 0.033708 0.203786
0 0.283573 0.578326 0.058223 0.242128
0 0.327754 0.567321 0.039323 0.211604
0 0.265300 0.465711 0.033492 0.086631
0 0.285254 0.439684 0.030046 0.069508
0 0.305569 0.433005 0.020938 0.060963
0 0.314804 0.434203 0.016746 0.036642
0 0.331550 0.459545 0.042362 0.074299
0 0.361723 0.515529 0.035708 0.199979
0 0.387731 0.515294 0.021185 0.161968
0 0.403188 0.571107 0.038838 0.233743
0 0.448669 0.560011 0.053554 0.251979
0 0.426669 0.457727 0.027831 0.063690
0 0.458565 0.428449 0.013300 0.030481
0 0.478142 0.433417 0.018469 0.045209
0 0.494150 0.430850 0.020931 0.047604
0 0.467923 0.521765 0.029554 0.162995
0 0.516654 0.558529 0.066677 0.275647
0 0.566119 0.521898 0.040392 0.183198
0 0.607123 0.544193 0.040631 0.242096
0 0.545212 0.438390 0.037762 0.064203
0 0.607604 0.420840 0.017654 0.018834
0 0.642085 0.444524 0.030785 0.087893
0 0.673896 0.426545 0.020115 0.039380
0 0.699554 0.465497 0.027092 0.099016
0 0.725308 0.466920 0.031815 0.122417
0 0.749835 0.440096 0.022577 0.056791
0 0.674058 0.681214 0.117977 0.438813
0 0.666354 0.487898 0.077462 0.094086
0 0.752112 0.598551 0.065115 0.278706
0 0.806796 0.470444 0.030638 0.124267
0 0.866165 0.488786 0.041285 0.147925
0 0.925962 0.478727 0.039154 0.146738
0 0.946662 0.716492 0.106677 0.414118
0 0.949604 0.523749 0.100792 0.143155
