0 0.064456 0.660492 0.110422 0.499383
0 0.161800 0.634725 0.094067 0.482217
0 0.233700 0.641467 0.071156 0.490800
0 0.308956 0.590550 0.067889 0.298167
0 0.365394 0.593000 0.053167 0.263800
0 0.425928 0.557417 0.071167 0.310433
0 0.463561 0.537792 0.062989 0.280983
0 0.507317 0.506500 0.083433 0.265033
0 0.555989 0.473375 0.046622 0.220850
0 0.607117 0.469692 0.032722 0.117783
0 0.638200 0.482575 0.039267 0.128850
0 0.673006 0.459875 0.061278 0.157050
0 0.722944 0.488708 0.054800 0.165650
0 0.828056 0.726133 0.094889 0.537433
0 0.917628 0.717667 0.110433 0.564667
0 0.700039 0.727367 0.103878 0.483433
0 0.602289 0.680733 0.104711 0.483433
0 0.489406 0.759258 0.107967 0.331283
0 0.396567 0.775208 0.094067 0.306750
0 0.298322 0.791158 0.125156 0.331283
