0 0.940420 0.843507 0.010156 0.022123
0 0.281211 0.874239 0.078145 0.251523
0 0.409873 0.874832 0.099453 0.250337
0 0.451602 0.865022 0.024121 0.110132
0 0.480513 0.898514 0.029873 0.159839
0 0.511353 0.906933 0.030146 0.166018
0 0.470347 0.842775 0.015225 0.047950
0 0.468345 0.817379 0.011611 0.030805
0 0.379937 0.824385 0.015986 0.041977
0 0.352056 0.856757 0.017705 0.091318
0 0.344155 0.830937 0.013330 0.051654
0 0.506890 0.825944 0.020557 0.032533
0 0.546196 0.834788 0.014658 0.069048
0 0.570747 0.847482 0.013135 0.081903
0 0.596011 0.898594 0.027412 0.137657
0 0.632188 0.892840 0.024121 0.150805
0 0.653569 0.905988 0.024111 0.140117
0 0.594092 0.821135 0.019180 0.045198
0 0.618076 0.848873 0.015078 0.091625
0 0.649507 0.823316 0.009521 0.031113
0 0.698325 0.878389 0.021514 0.105857
0 0.682148 0.865549 0.015410 0.085329
0 0.685386 0.831449 0.013896 0.055930
0 0.712983 0.835871 0.008564 0.059063
0 0.721362 0.837013 0.010107 0.058507
0 0.730303 0.846999 0.013125 0.062489
0 0.777896 0.880673 0.020010 0.087028
0 0.811768 0.860981 0.015039 0.062489
0 0.807578 0.876537 0.010469 0.031962
0 0.753340 0.843748 0.007773 0.056837
0 0.835264 0.856464 0.014590 0.056589
0 0.848662 0.853141 0.010625 0.049941
0 0.896724 0.858250 0.011572 0.049707
