0 0.159751 0.806969 0.211143 0.386061
0 0.050171 0.719217 0.100342 0.360747
0 0.022671 0.499092 0.045342 0.214963
0 0.057715 0.449766 0.057949 0.219385
0 0.119976 0.454187 0.043213 0.151654
0 0.156807 0.440198 0.048125 0.191406
0 0.197075 0.473331 0.054014 0.228214
0 0.240869 0.489524 0.076602 0.257672
0 0.289976 0.482167 0.037314 0.272387
0 0.319438 0.493206 0.049111 0.282694
0 0.349785 0.472592 0.053027 0.262079
0 0.416074 0.718485 0.152227 0.397555
0 0.345952 0.616149 0.070713 0.204656
0 0.483442 0.617628 0.064814 0.225271
0 0.610034 0.754700 0.182666 0.490600
0 0.795645 0.758975 0.149277 0.437306
0 0.770210 0.546947 0.092314 0.181098
0 0.947466 0.641918 0.105068 0.347496
0 0.643521 0.430630 0.096240 0.240000
0 0.553169 0.449034 0.056963 0.214963
0 0.491265 0.436750 0.045459 0.137745
0 0.471138 0.412247 0.023213 0.075974
0 0.743701 0.415447 0.051152 0.127818
0 0.731621 0.419707 0.041211 0.100820
0 0.719072 0.398045 0.026523 0.073133
0 0.692783 0.408697 0.029844 0.102958
0 0.803374 0.407277 0.044521 0.108638
0 0.830840 0.459114 0.045469 0.161186
0 0.855469 0.416867 0.022734 0.085212
0 0.886489 0.396274 0.031729 0.083792
0 0.890044 0.474736 0.058721 0.129941
0 0.967480 0.469766 0.057305 0.122840
0 0.932905 0.396625 0.011846 0.070293
