0 0.075750 0.879211 0.029949 0.107495
0 0.123577 0.889074 0.032990 0.114410
0 0.294770 0.907069 0.027724 0.161252
0 0.322357 0.892768 0.023571 0.145463
0 0.348837 0.895726 0.022184 0.114900
0 0.460286 0.914465 0.047694 0.165191
0 0.563837 0.926543 0.040755 0.146915
0 0.668357 0.904592 0.036878 0.190817
0 0.641051 0.899174 0.026612 0.168149
0 0.621362 0.862695 0.017194 0.103067
0 0.599464 0.860472 0.015520 0.094664
0 0.391668 0.879211 0.025786 0.119328
0 0.364500 0.887586 0.016918 0.104537
0 0.700796 0.863430 0.017469 0.110454
0 0.858770 0.889809 0.041867 0.169129
0 0.888214 0.870826 0.024122 0.101579
0 0.959878 0.918158 0.032714 0.163684
0 0.982296 0.917169 0.035408 0.165662
