0 0.121078 0.690767 0.109467 0.338649
0 0.230100 0.674568 0.115700 0.365147
0 0.356122 0.697390 0.118367 0.381342
0 0.477600 0.667941 0.128156 0.257665
0 0.508308 0.796778 0.130828 0.291535
0 0.542125 0.701806 0.104128 0.313612
0 0.648033 0.735671 0.107689 0.390184
0 0.799328 0.748925 0.164644 0.466746
0 0.732136 0.522174 0.145961 0.387233
0 0.661381 0.540579 0.095228 0.362206
0 0.592408 0.380827 0.065861 0.145772
0 0.585289 0.531746 0.156633 0.415221
0 0.521211 0.384504 0.074756 0.150184
0 0.494511 0.522909 0.145956 0.426994
0 0.429989 0.477266 0.082767 0.341590
0 0.387269 0.450028 0.098783 0.316563
0 0.339656 0.489779 0.092556 0.313621
0 0.283589 0.472114 0.108578 0.319504
0 0.214078 0.432358 0.090778 0.234108
0 0.090372 0.553097 0.135278 0.584540
