0 0.136300 0.520239 0.081415 0.171784
0 0.057896 0.451531 0.073377 0.130066
0 0.280546 0.381587 0.283462 0.331286
0 0.214204 0.304901 0.096500 0.386498
0 0.277027 0.177296 0.097500 0.192638
0 0.452435 0.696925 0.168869 0.419634
0 0.664527 0.680977 0.156808 0.419624
0 0.603212 0.422080 0.066346 0.159502
0 0.579085 0.347230 0.110569 0.188958
0 0.761531 0.200606 0.113585 0.187728
0 0.775604 0.383432 0.061315 0.119014
0 0.823350 0.515333 0.070362 0.176695
0 0.907281 0.550305 0.081423 0.234357
0 0.899742 0.372390 0.054285 0.195089
0 0.951008 0.374230 0.036185 0.117793
0 0.978519 0.401221 0.042962 0.122704
0 0.972619 0.306131 0.053269 0.094479
0 0.836415 0.353981 0.070369 0.141108
0 0.862550 0.289563 0.054285 0.095709
0 0.027235 0.212268 0.052269 0.191408
0 0.069458 0.196310 0.040208 0.203681
0 0.105642 0.187723 0.044223 0.206131
0 0.158915 0.114108 0.038200 0.117793
0 0.177012 0.074840 0.048254 0.088347
0 0.276981 0.048845 0.029485 0.047831
0 0.287488 0.073254 0.039992 0.043390
0 0.330304 0.132427 0.031100 0.099615
0 0.356562 0.148700 0.025446 0.118338
0 0.371508 0.164479 0.027062 0.143981
0 0.392315 0.173845 0.029892 0.163709
0 0.410288 0.165221 0.030300 0.157296
0 0.442604 0.155850 0.041608 0.145465
0 0.465027 0.149930 0.020192 0.083333
0 0.486235 0.150178 0.024638 0.091718
0 0.488458 0.195300 0.016162 0.069531
0 0.516531 0.197765 0.022215 0.065577
0 0.574704 0.198502 0.028685 0.070019
0 0.560565 0.170150 0.020608 0.039944
0 0.533296 0.150178 0.046054 0.089746
0 0.566015 0.122070 0.018585 0.070019
0 0.581973 0.141056 0.024638 0.097136
0 0.595912 0.127254 0.017777 0.077418
0 0.611465 0.128479 0.021408 0.067061
0 0.628431 0.141549 0.031108 0.040920
0 0.617927 0.174338 0.043223 0.038460
0 0.653881 0.176559 0.018992 0.054732
0 0.690642 0.179516 0.033531 0.052761
0 0.656708 0.129221 0.022215 0.047831
0 0.688215 0.137108 0.024646 0.043887
