0 0.169785 0.422576 0.161820 0.490319
0 0.102746 0.839479 0.035555 0.189653
0 0.233930 0.873896 0.040047 0.252208
0 0.295676 0.880229 0.052664 0.239542
0 0.339500 0.875792 0.050359 0.248417
0 0.392355 0.873743 0.064586 0.252514
0 0.468855 0.861778 0.092258 0.276444
0 0.444445 0.800444 0.022687 0.055361
0 0.371406 0.777549 0.023453 0.073819
0 0.331617 0.782333 0.027672 0.091583
0 0.501199 0.798535 0.026273 0.118458
0 0.534195 0.833556 0.028187 0.173694
0 0.508613 0.756285 0.009570 0.042319
0 0.518223 0.760437 0.018461 0.065653
0 0.880684 0.857236 0.068039 0.285528
0 0.915781 0.850674 0.085344 0.297292
