0 0.022558 0.555931 0.045115 0.544414
0 0.171473 0.558285 0.138085 0.568033
0 0.109812 0.522270 0.082500 0.448766
0 0.261792 0.505146 0.098138 0.471192
0 0.359492 0.550021 0.105954 0.537322
0 0.406388 0.488614 0.074685 0.501893
0 0.491927 0.410078 0.033869 0.259801
0 0.520588 0.523452 0.082500 0.488912
0 0.318238 0.351030 0.042554 0.108651
0 0.635223 0.538802 0.061662 0.477103
0 0.686462 0.584864 0.094662 0.507803
0 0.762015 0.539393 0.079031 0.556213
0 0.829754 0.567150 0.079031 0.566851
0 0.884900 0.560649 0.071215 0.537322
