0 0.540763 0.496435 0.165225 0.443827
0 0.595506 0.433940 0.071463 0.295235
0 0.644687 0.499878 0.063600 0.399568
0 0.722706 0.498405 0.068838 0.465478
0 0.774962 0.410319 0.045900 0.293583
0 0.817856 0.398021 0.038787 0.255854
0 0.881781 0.406632 0.055187 0.269812
0 0.865938 0.368086 0.019125 0.184540
0 0.852275 0.389822 0.022400 0.231276
0 0.945431 0.441069 0.059013 0.289493
0 0.971113 0.324212 0.038250 0.100056
0 0.992388 0.456248 0.015225 0.309981
0 0.953844 0.301220 0.023712 0.049831
0 0.424069 0.470197 0.061737 0.258330
0 0.422431 0.361520 0.065012 0.142702
0 0.360419 0.459118 0.069937 0.288668
0 0.300862 0.486595 0.033875 0.212402
0 0.255788 0.468143 0.053000 0.336248
0 0.316787 0.340844 0.031875 0.089981
