0 0.916150 0.605130 0.056531 0.441377
0 0.069462 0.664777 0.090862 0.540223
0 0.170731 0.637339 0.107769 0.539888
0 0.275650 0.673127 0.074177 0.519429
0 0.014365 0.666985 0.028731 0.470347
0 0.116715 0.479094 0.050185 0.201663
0 0.202781 0.609392 0.046223 0.416799
0 0.236023 0.507854 0.068677 0.227940
0 0.264196 0.410577 0.052823 0.166861
0 0.292373 0.410577 0.040500 0.104380
0 0.331773 0.633530 0.037423 0.460831
0 0.372323 0.629491 0.066477 0.513375
0 0.411281 0.644038 0.055469 0.494206
0 0.437915 0.493505 0.035662 0.144851
0 0.513196 0.650788 0.069992 0.480707
0 0.470715 0.637655 0.045785 0.437395
0 0.551500 0.611383 0.066477 0.468648
0 0.624800 0.642940 0.075723 0.395583
0 0.641746 0.458716 0.051508 0.160484
0 0.664423 0.436669 0.026415 0.089541
0 0.707342 0.613151 0.086731 0.439529
0 0.747627 0.631619 0.058992 0.386985
0 0.746965 0.416117 0.054146 0.105087
0 0.773819 0.415757 0.039177 0.074566
0 0.807281 0.595050 0.068238 0.447345
0 0.951458 0.603927 0.044023 0.412543
0 0.983565 0.420230 0.032869 0.090310
0 0.607892 0.431309 0.048600 0.088623
0 0.872565 0.592351 0.073962 0.441377
0 0.989858 0.585292 0.020285 0.308797
