0 0.248301 0.457397 0.084082 0.331294
0 0.315767 0.514824 0.044971 0.304794
0 0.379321 0.517772 0.041064 0.275338
0 0.419897 0.474331 0.053779 0.344544
0 0.493228 0.478015 0.069424 0.337176
0 0.674116 0.483169 0.053779 0.347485
0 0.707847 0.484640 0.054756 0.320985
0 0.761138 0.457397 0.053779 0.307735
0 0.718608 0.376412 0.023467 0.095706
0 0.860381 0.491265 0.068438 0.307735
0 0.963921 0.436787 0.072158 0.278279
0 0.921001 0.501574 0.062568 0.334235
0 0.809048 0.536904 0.057686 0.269456
0 0.543584 0.558993 0.046934 0.201721
