0 0.397563 0.892427 0.176318 0.215146
0 0.603271 0.908486 0.086113 0.183027
0 0.691772 0.925229 0.107295 0.149541
0 0.796675 0.920786 0.105244 0.158428
0 0.970781 0.869531 0.058438 0.260938
0 0.287188 0.882920 0.062188 0.223477
0 0.018359 0.934800 0.036719 0.130400
0 0.328213 0.806270 0.033613 0.078770
0 0.347363 0.838892 0.049766 0.121943
0 0.456816 0.856045 0.051016 0.150645
0 0.508228 0.868481 0.041533 0.188252
0 0.555410 0.854209 0.049824 0.175996
0 0.715796 0.829829 0.040869 0.100850
0 0.682876 0.819419 0.035264 0.085693
0 0.664111 0.776626 0.017168 0.040283
0 0.692144 0.763120 0.013271 0.023350
0 0.704849 0.775937 0.018545 0.030215
0 0.737690 0.771934 0.019229 0.029062
0 0.484214 0.786196 0.023271 0.042920
0 0.442925 0.777422 0.020791 0.034902
0 0.430244 0.766289 0.017168 0.036621
0 0.465142 0.760732 0.021357 0.036621
0 0.488511 0.758540 0.028037 0.038330
0 0.515400 0.762832 0.020020 0.041191
0 0.537998 0.769795 0.019453 0.036816
