0 0.076523 0.733685 0.069113 0.412550
0 0.161737 0.700665 0.081420 0.450190
0 0.200077 0.563270 0.035980 0.104380
0 0.251203 0.668710 0.045447 0.150540
0 0.284337 0.647055 0.045447 0.088750
0 0.308480 0.618650 0.031240 0.066040
0 0.323393 0.608355 0.025093 0.053970
0 0.348480 0.756405 0.086627 0.283310
0 0.445763 0.713800 0.073847 0.115740
0 0.418777 0.679365 0.055860 0.086630
0 0.391323 0.624685 0.060593 0.088050
0 0.358897 0.611550 0.028873 0.060360
0 0.408363 0.604805 0.029353 0.051130
0 0.573097 0.668360 0.090887 0.127100
0 0.646943 0.735460 0.068167 0.259880
