0 0.846981 0.882352 0.200235 0.235296
0 0.688944 0.778546 0.166877 0.442907
0 0.866611 0.590963 0.176679 0.429926
0 0.945086 0.208611 0.109827 0.417222
0 0.782685 0.244944 0.114852 0.161963
0 0.798395 0.159556 0.083432 0.214963
0 0.828821 0.070472 0.089321 0.131056
0 0.757654 0.138204 0.131531 0.272407
0 0.720846 0.071944 0.083444 0.128111
0 0.621704 0.251574 0.114840 0.166370
0 0.616796 0.561509 0.138407 0.326870
0 0.471525 0.902963 0.122704 0.194074
0 0.503914 0.738194 0.124667 0.159019
0 0.415568 0.607167 0.120741 0.185519
0 0.268821 0.825667 0.217914 0.348667
0 0.306123 0.487157 0.127605 0.284167
0 0.414093 0.308259 0.106012 0.209074
0 0.396432 0.204463 0.076568 0.125148
0 0.401827 0.083454 0.093259 0.166907
0 0.473975 0.077565 0.109951 0.155130
0 0.042630 0.760148 0.085259 0.479704
0 0.048519 0.358324 0.097037 0.276796
0 0.015148 0.134528 0.030296 0.188463
0 0.068580 0.128361 0.088346 0.256722
0 0.157901 0.215500 0.145284 0.406370
0 0.259006 0.216241 0.094235 0.204667
