0 0.457016 0.107209 0.093079 0.214417
0 0.319802 0.102306 0.115540 0.204612
0 0.417302 0.418095 0.037714 0.117791
0 0.019659 0.859381 0.015317 0.086723
0 0.006810 0.857330 0.013619 0.080146
0 0.059437 0.862464 0.015857 0.082985
0 0.075690 0.855279 0.020968 0.081772
0 0.100151 0.850752 0.018270 0.074369
0 0.148516 0.852816 0.018270 0.085874
0 0.201730 0.863495 0.024730 0.095728
0 0.428579 0.860182 0.020302 0.127209
0 0.462119 0.858204 0.015794 0.112427
0 0.476143 0.848592 0.020000 0.124757
0 0.512103 0.862403 0.019032 0.143495
0 0.522897 0.889515 0.015476 0.100097
0 0.545802 0.871529 0.021286 0.135097
0 0.570302 0.879903 0.032889 0.175534
0 0.624960 0.865619 0.019032 0.120316
0 0.647540 0.866347 0.026762 0.133617
0 0.683333 0.867585 0.031937 0.160752
0 0.718960 0.862658 0.027730 0.145947
0 0.741214 0.865097 0.029667 0.156748
0 0.760563 0.847864 0.021286 0.102573
0 0.777984 0.856238 0.022571 0.128204
0 0.819254 0.863386 0.032889 0.101092
0 0.829246 0.850328 0.019349 0.100607
0 0.960889 0.846820 0.018190 0.074563
0 0.980817 0.848896 0.017794 0.072791
0 0.926056 0.842391 0.021286 0.079879
0 0.913095 0.840619 0.018571 0.076335
