0 0.614563 0.857230 0.150333 0.285539
0 0.739484 0.867537 0.132651 0.264926
0 0.764357 0.788076 0.184619 0.353362
0 0.727317 0.626839 0.081810 0.219387
0 0.852794 0.631998 0.169143 0.606617
0 0.787016 0.429545 0.070762 0.234101
0 0.615833 0.659989 0.128968 0.301839
0 0.482254 0.701712 0.149238 0.471163
0 0.386444 0.734852 0.154762 0.429450
0 0.315056 0.639144 0.105952 0.368097
0 0.211873 0.585761 0.152000 0.521459
0 0.111008 0.606628 0.121603 0.548478
0 0.258397 0.433615 0.058952 0.214715
0 0.293405 0.433626 0.058968 0.168097
0 0.341778 0.387600 0.050667 0.184038
0 0.387833 0.454471 0.085667 0.231903
0 0.485937 0.458161 0.101333 0.253996
0 0.594651 0.472273 0.105016 0.289577
0 0.697365 0.484545 0.093048 0.262579
