0 0.507383 0.690879 0.088099 0.280488
0 0.030607 0.550566 0.022266 0.035703
0 0.414971 0.563726 0.013158 0.037354
0 0.709327 0.583853 0.018304 0.041963
0 0.728889 0.584902 0.014591 0.041777
0 0.751184 0.587764 0.012281 0.042539
0 0.770848 0.586523 0.019708 0.046543
0 0.811287 0.612119 0.023304 0.074141
0 0.798779 0.593228 0.022968 0.069346
0 0.935833 0.628369 0.050380 0.079668
0 0.864912 0.590391 0.025702 0.058594
0 0.847434 0.580078 0.022968 0.022402
0 0.954342 0.587397 0.033918 0.023779
0 0.916133 0.582827 0.019868 0.031104
0 0.959649 0.565649 0.019883 0.015107
0 0.061542 0.548721 0.018640 0.026094
