0 0.065619 0.784175 0.131238 0.431649
0 0.119788 0.652985 0.050987 0.196827
0 0.292312 0.778267 0.101959 0.443466
0 0.248346 0.646106 0.040643 0.218476
0 0.362132 0.694322 0.071661 0.279499
0 0.329992 0.612140 0.048762 0.126952
0 0.364357 0.566868 0.037680 0.077745
0 0.191426 0.632860 0.034953 0.135992
0 0.146505 0.646190 0.035392 0.177683
0 0.092163 0.602787 0.030282 0.097724
0 0.574428 0.630470 0.054906 0.184530
0 0.819937 0.689238 0.085172 0.262443
0 0.631434 0.676942 0.045658 0.094301
0 0.948487 0.681827 0.062806 0.294259
0 0.986991 0.633100 0.026019 0.218476
