0 0.954300 0.540983 0.025185 0.113682
0 0.967519 0.542699 0.014854 0.108891
0 0.981877 0.505884 0.016369 0.042123
0 0.989742 0.564027 0.020515 0.148138
0 0.587204 0.487516 0.009023 0.027395
0 0.051646 0.494215 0.012800 0.075335
0 0.024481 0.502066 0.015931 0.065910
0 0.009046 0.500921 0.012800 0.065921
0 0.084277 0.499786 0.014692 0.061349
0 0.074415 0.496647 0.011754 0.065345
0 0.132858 0.494503 0.012377 0.058211
0 0.122158 0.490513 0.011546 0.058787
0 0.190219 0.498546 0.008746 0.052908
0 0.213723 0.493666 0.008446 0.048755
0 0.245342 0.493870 0.007869 0.051130
0 0.253358 0.497338 0.008162 0.044195
0 0.260573 0.494069 0.008885 0.042803
0 0.322581 0.494351 0.009623 0.036674
0 0.330012 0.497720 0.008454 0.041046
0 0.342473 0.497228 0.010931 0.050753
0 0.510227 0.493933 0.011962 0.050795
0 0.495077 0.483944 0.012800 0.027113
0 0.567162 0.487484 0.015523 0.060492
0 0.575450 0.495335 0.007346 0.045941
