0 0.728854 0.629242 0.061385 0.268579
0 0.639804 0.634368 0.051315 0.226897
0 0.599996 0.555183 0.022746 0.101400
0 0.616846 0.552435 0.013985 0.082173
0 0.675735 0.522571 0.010777 0.043490
0 0.658381 0.534237 0.009777 0.045319
0 0.577085 0.546761 0.014323 0.065225
0 0.554592 0.543783 0.014831 0.062027
0 0.543388 0.532341 0.009608 0.050575
0 0.525273 0.587268 0.022577 0.116499
0 0.488896 0.583182 0.028869 0.134138
0 0.507046 0.537424 0.011631 0.058130
0 0.526331 0.528380 0.012785 0.039143
0 0.466273 0.551155 0.011962 0.077816
0 0.455896 0.542456 0.008762 0.046228
0 0.447727 0.552184 0.011608 0.073020
0 0.439900 0.527236 0.010446 0.030899
0 0.430196 0.554932 0.015669 0.072100
0 0.404588 0.543715 0.008592 0.043710
0 0.145081 0.659519 0.069177 0.126249
0 0.029042 0.620601 0.058085 0.191735
