0 0.172378 0.836532 0.272822 0.326935
0 0.031230 0.796044 0.062461 0.407912
0 0.468750 0.703132 0.111875 0.428217
0 0.558052 0.565098 0.062803 0.223309
0 0.598286 0.566325 0.070654 0.284664
0 0.666978 0.608657 0.094209 0.334969
0 0.776895 0.589634 0.092246 0.350916
0 0.834790 0.548529 0.052998 0.253980
0 0.875518 0.538718 0.061816 0.295702
0 0.979712 0.561410 0.040576 0.228217
0 0.501621 0.534420 0.071641 0.186496
0 0.415259 0.547302 0.050049 0.200000
0 0.385820 0.521538 0.040234 0.165641
0 0.440288 0.509267 0.058877 0.163199
0 0.206235 0.548529 0.093232 0.202454
0 0.323018 0.546074 0.075566 0.187729
