0 0.069445 0.431747 0.138890 0.652339
0 0.151165 0.461394 0.088670 0.429445
0 0.194470 0.443508 0.093440 0.477511
0 0.246300 0.445045 0.135720 0.617586
0 0.343150 0.446567 0.097520 0.551124
0 0.406915 0.432766 0.125490 0.576687
0 0.520125 0.405675 0.098210 0.514318
0 0.593445 0.442999 0.064790 0.417181
0 0.656190 0.461912 0.090700 0.422294
0 0.746550 0.467534 0.095480 0.427391
0 0.679375 0.289618 0.056610 0.145202
0 0.788495 0.434813 0.079790 0.384468
0 0.840670 0.423051 0.032740 0.311859
0 0.877500 0.429190 0.055920 0.293463
0 0.934790 0.467534 0.049100 0.300615
0 0.979330 0.461402 0.041340 0.249490
