0 0.106468 0.331196 0.085255 0.411037
0 0.196840 0.372608 0.085936 0.414115
0 0.264356 0.333238 0.081840 0.406954
0 0.344500 0.336308 0.086617 0.392648
0 0.402468 0.469737 0.072979 0.195295
0 0.483293 0.460032 0.077755 0.239266
0 0.551154 0.451850 0.057968 0.200415
0 0.602984 0.364936 0.104351 0.343557
0 0.648681 0.328644 0.072979 0.330271
0 0.705628 0.345510 0.050468 0.278134
0 0.759165 0.305630 0.068883 0.263796
0 0.828053 0.283644 0.083894 0.307767
0 0.938543 0.256555 0.078426 0.220861
0 0.949798 0.552057 0.076383 0.429442
0 0.900005 0.588860 0.095479 0.449904
0 0.823622 0.575566 0.081840 0.404912
0 0.748601 0.766268 0.079117 0.313907
0 0.693011 0.755016 0.100255 0.305726
0 0.623106 0.767289 0.098213 0.320032
0 0.544335 0.771380 0.093436 0.369107
0 0.469309 0.750415 0.075702 0.331292
0 0.403835 0.761156 0.067521 0.328214
0 0.343814 0.754506 0.078436 0.302663
0 0.254473 0.774450 0.094798 0.332313
0 0.738707 0.517289 0.089351 0.245391
