0 0.174953 0.660324 0.166526 0.666257
0 0.309278 0.689521 0.121443 0.570551
0 0.428880 0.727558 0.163764 0.528830
0 0.565500 0.734023 0.116846 0.531954
0 0.659808 0.718970 0.092001 0.519023
0 0.830468 0.708259 0.170203 0.583482
0 0.712705 0.623878 0.096606 0.427002
0 0.797810 0.442287 0.086483 0.294478
0 0.697988 0.389647 0.113162 0.218404
0 0.624384 0.459584 0.072683 0.149691
0 0.565961 0.388419 0.053358 0.105522
0 0.539282 0.459584 0.092009 0.142340
0 0.472578 0.478603 0.070841 0.119023
0 0.399898 0.415904 0.063481 0.121480
0 0.456940 0.366209 0.081885 0.107969
