0 0.360627 0.663821 0.329692 0.662574
0 0.810990 0.678546 0.368142 0.613497
0 0.745247 0.505368 0.141367 0.347484
0 0.680946 0.470029 0.118787 0.335709
0 0.617625 0.428067 0.121733 0.287118
0 0.597500 0.322790 0.075591 0.232640
0 0.537124 0.327944 0.058901 0.225276
0 0.477731 0.341049 0.067737 0.278283
0 0.410973 0.346937 0.079519 0.275339
0 0.332437 0.297613 0.077554 0.206137
0 0.150819 0.488288 0.128606 0.357792
0 0.190579 0.416141 0.078535 0.269447
0 0.236229 0.373440 0.097190 0.242948
0 0.720214 0.300557 0.055959 0.132516
0 0.797770 0.325590 0.077556 0.173742
