0 0.973113 0.692063 0.053773 0.381736
0 0.890383 0.682181 0.083875 0.382583
0 0.846289 0.602167 0.036906 0.178083
0 0.821844 0.616604 0.032109 0.184819
0 0.733898 0.595264 0.022047 0.101389
0 0.707055 0.571833 0.034516 0.086917
0 0.712086 0.754854 0.114547 0.490292
0 0.626535 0.766743 0.081477 0.466514
0 0.644750 0.582569 0.035469 0.123556
0 0.555797 0.607111 0.025516 0.087278
0 0.578543 0.616979 0.027180 0.119819
0 0.567586 0.700313 0.024687 0.089264
0 0.519324 0.607118 0.018586 0.132653
0 0.533746 0.596021 0.016367 0.090736
0 0.479660 0.615007 0.014695 0.118847
0 0.455250 0.593556 0.026906 0.095667
0 0.421203 0.751875 0.101125 0.496250
0 0.317820 0.726438 0.063578 0.369236
0 0.261176 0.662375 0.044289 0.280167
0 0.166563 0.734563 0.112734 0.530875
0 0.026629 0.658792 0.053258 0.395694
0 0.082305 0.608181 0.032781 0.214722
0 0.060160 0.544785 0.035664 0.114514
0 0.373789 0.665549 0.033844 0.204153
0 0.362277 0.580444 0.019133 0.083333
