0 0.295722 0.912083 0.079284 0.175833
0 0.165153 0.824167 0.042136 0.116125
0 0.085869 0.874854 0.042136 0.097417
0 0.011050 0.927833 0.022101 0.144333
0 0.229466 0.818271 0.041021 0.124000
0 0.338768 0.776740 0.050822 0.337604
0 0.427512 0.924021 0.064296 0.093625
0 0.540135 0.916844 0.144002 0.097062
0 0.447342 0.845083 0.030035 0.123000
0 0.475833 0.829365 0.034648 0.098396
0 0.533973 0.855000 0.046209 0.134625
0 0.618480 0.866615 0.035035 0.153771
0 0.655258 0.868313 0.043897 0.132583
0 0.742846 0.921521 0.145153 0.156958
0 0.897629 0.807833 0.021948 0.130542
0 0.969243 0.774010 0.030411 0.247396
0 0.967776 0.942698 0.064448 0.114604
0 0.605587 0.756583 0.018474 0.116875
0 0.578357 0.763521 0.020587 0.131458
0 0.561115 0.747625 0.014437 0.107250
0 0.544002 0.747385 0.027277 0.112479
