0 0.415577 0.691308 0.121519 0.384289
0 0.562263 0.637628 0.096556 0.441717
0 0.510700 0.487832 0.051235 0.193253
0 0.612512 0.545092 0.085391 0.334356
0 0.675568 0.472443 0.047293 0.244275
0 0.807924 0.591615 0.079477 0.400819
0 0.628276 0.416769 0.051235 0.206544
0 0.565874 0.376789 0.040724 0.112472
0 0.531062 0.395296 0.027587 0.079753
0 0.422562 0.369739 0.026228 0.095861
0 0.390443 0.389857 0.028890 0.105325
0 0.300849 0.377364 0.015123 0.057072
0 0.312107 0.374247 0.017263 0.059689
0 0.334334 0.375436 0.014054 0.059689
0 0.342355 0.372940 0.012985 0.055169
0 0.355110 0.359124 0.013442 0.053269
0 0.370768 0.362096 0.015430 0.057786
0 0.343729 0.344285 0.008708 0.028775
0 0.333647 0.343335 0.009623 0.016408
0 0.316461 0.360931 0.010999 0.034956
0 0.482095 0.324947 0.011138 0.049872
0 0.512647 0.310828 0.008167 0.046733
0 0.518942 0.350808 0.019222 0.034083
0 0.751647 0.377282 0.037748 0.091636
