0 0.224125 0.672825 0.351162 0.599267
0 0.408544 0.661563 0.240737 0.676875
0 0.562041 0.656625 0.194356 0.681717
0 0.776272 0.602146 0.229694 0.611042
0 0.941144 0.636012 0.117712 0.643442
0 0.898297 0.357729 0.191044 0.316558
0 0.803881 0.284846 0.097175 0.170792
0 0.692347 0.256138 0.077306 0.178158
0 0.597928 0.246567 0.069569 0.132517
0 0.547684 0.234788 0.050794 0.100125
0 0.505169 0.251717 0.043062 0.080983
0 0.481978 0.190612 0.040856 0.050058
0 0.405231 0.277483 0.099387 0.161967
0 0.238481 0.279696 0.106013 0.160492
0 0.161734 0.391596 0.113744 0.201725
0 0.106516 0.359200 0.056319 0.154600
0 0.860750 0.242150 0.051900 0.170800
