0 0.579250 0.505847 0.021100 0.110735
0 0.616970 0.539070 0.033760 0.158201
0 0.683415 0.575060 0.062910 0.252189
0 0.698000 0.493396 0.026440 0.097046
0 0.052050 0.527579 0.069580 0.184033
0 0.962765 0.735052 0.074470 0.529895
0 0.052610 0.692684 0.105220 0.614633
0 0.864610 0.594543 0.059720 0.269265
0 0.096360 0.520690 0.054480 0.197811
0 0.169545 0.717781 0.131290 0.564438
0 0.236500 0.587114 0.098460 0.336567
0 0.335755 0.524130 0.024610 0.141064
0 0.365775 0.523508 0.026970 0.142939
0 0.395980 0.526642 0.020520 0.110495
0 0.422375 0.516109 0.026210 0.116747
0 0.444450 0.483898 0.012660 0.067616
0 0.459750 0.477174 0.012660 0.067631
0 0.493515 0.482714 0.012670 0.069205
0 0.508815 0.492009 0.015830 0.089385
0 0.538360 0.478958 0.012140 0.079895
0 0.547460 0.458388 0.010820 0.041124
0 0.555900 0.520090 0.022420 0.118651
