0 0.082026 0.710000 0.104170 0.502504
0 0.178667 0.696216 0.100693 0.521592
0 0.265479 0.686673 0.093750 0.498247
0 0.343604 0.693032 0.087969 0.460089
0 0.430410 0.684553 0.076387 0.481306
0 0.501592 0.667594 0.093750 0.451610
0 0.588403 0.683497 0.091436 0.508855
0 0.662480 0.712120 0.079863 0.498265
0 0.759702 0.691968 0.098389 0.470698
0 0.840723 0.705760 0.084492 0.502504
0 0.923481 0.720599 0.090283 0.502487
0 0.914800 0.481011 0.100693 0.256547
0 0.844194 0.462987 0.077549 0.267156
0 0.734243 0.430125 0.086807 0.332880
0 0.770122 0.479955 0.063662 0.216261
0 0.685049 0.484195 0.076387 0.241699
0 0.620811 0.468283 0.086816 0.218390
0 0.531685 0.473596 0.091436 0.284114
0 0.433882 0.477826 0.081025 0.207782
0 0.330874 0.489499 0.099541 0.252308
0 0.245801 0.520233 0.084492 0.292594
0 0.195449 0.493730 0.078711 0.277764
0 0.160728 0.390894 0.074072 0.228980
0 0.228438 0.368631 0.079863 0.239589
0 0.292681 0.367576 0.055557 0.178086
0 0.370801 0.391959 0.065977 0.231109
0 0.436777 0.377120 0.054395 0.197174
0 0.517798 0.346377 0.063662 0.139946
0 0.609238 0.356977 0.061348 0.203542
0 0.694307 0.364392 0.053242 0.167496
