0 0.504685 0.747408 0.126810 0.376422
0 0.769240 0.782881 0.146480 0.434239
0 0.180560 0.693691 0.114780 0.211583
0 0.394825 0.696152 0.049190 0.113173
0 0.573755 0.726399 0.058450 0.258560
0 0.590455 0.634422 0.040230 0.075746
0 0.636765 0.741489 0.031130 0.113331
0 0.671040 0.657453 0.033220 0.054576
0 0.690390 0.639021 0.033220 0.083848
0 0.709895 0.633485 0.028990 0.087014
0 0.887060 0.687217 0.086540 0.234644
0 0.830505 0.643080 0.049350 0.116752
0 0.983295 0.672798 0.033410 0.149887
0 0.993835 0.589347 0.012330 0.027292
0 0.951560 0.637599 0.024780 0.082656
0 0.018620 0.849756 0.037240 0.300488
