0 0.199054 0.655533 0.086138 0.349836
0 0.375304 0.546872 0.043731 0.167856
0 0.310865 0.583487 0.014915 0.088759
0 0.329773 0.597333 0.022900 0.092308
0 0.315923 0.522769 0.030354 0.073846
0 0.325777 0.505728 0.022369 0.056810
0 0.348146 0.530585 0.019169 0.103672
0 0.090388 0.581000 0.043669 0.180359
0 0.146038 0.571769 0.038877 0.168995
0 0.016365 0.525969 0.029823 0.090174
0 0.043523 0.527390 0.027692 0.097282
0 0.480146 0.507113 0.017754 0.055621
0 0.574450 0.552087 0.016423 0.110062
0 0.567350 0.501790 0.018192 0.062718
0 0.552038 0.499718 0.012431 0.058574
0 0.535396 0.508005 0.018192 0.036092
0 0.525854 0.488179 0.011538 0.037877
0 0.501892 0.493503 0.015092 0.040236
0 0.467942 0.491138 0.007546 0.034318
0 0.459731 0.494687 0.009769 0.037867
0 0.447527 0.492621 0.013762 0.028995
0 0.437542 0.489656 0.007100 0.032544
0 0.426665 0.485221 0.010208 0.029579
0 0.601746 0.515400 0.014200 0.074554
0 0.583769 0.510077 0.019969 0.072195
0 0.617054 0.505636 0.018200 0.075149
0 0.629485 0.497944 0.017308 0.072790
0 0.710473 0.552974 0.038162 0.181662
0 0.781481 0.574277 0.023962 0.094092
0 0.773935 0.543508 0.036392 0.113026
0 0.740650 0.518062 0.015085 0.043200
0 0.675192 0.488185 0.011092 0.049703
