0 0.092888 0.738626 0.118883 0.522748
0 0.190968 0.723313 0.098170 0.553374
0 0.262122 0.732148 0.092777 0.535704
0 0.302649 0.533487 0.060340 0.197304
0 0.336878 0.724043 0.065755 0.551913
0 0.396771 0.723313 0.088266 0.553374
0 0.442707 0.491530 0.082862 0.237043
0 0.480532 0.738035 0.126085 0.523930
0 0.541330 0.596070 0.067553 0.242957
0 0.516106 0.484165 0.054936 0.184052
0 0.600771 0.749078 0.116181 0.501843
0 0.680032 0.752757 0.089170 0.494487
0 0.638601 0.568096 0.074755 0.198765
0 0.771899 0.732878 0.116181 0.534243
0 0.874128 0.757174 0.133298 0.485652
