0 0.017510 0.854930 0.013391 0.086743
0 0.026604 0.833991 0.009262 0.044866
0 0.049607 0.871188 0.023697 0.070268
0 0.076020 0.851398 0.012040 0.067880
0 0.089301 0.853474 0.008467 0.061175
0 0.083994 0.849023 0.007874 0.066909
0 0.104195 0.851009 0.013946 0.071826
0 0.121834 0.886584 0.031906 0.150281
0 0.174693 0.872107 0.025632 0.121507
0 0.199258 0.871162 0.028477 0.123397
0 0.219770 0.844955 0.017682 0.075070
0 0.243956 0.835594 0.012529 0.054483
0 0.328376 0.824451 0.012538 0.037765
0 0.362500 0.869777 0.023429 0.097688
0 0.389789 0.872937 0.024617 0.100051
0 0.408798 0.858027 0.011331 0.055747
0 0.372792 0.829872 0.009301 0.046411
0 0.486523 0.858953 0.021456 0.090421
0 0.503429 0.826335 0.008238 0.032950
0 0.512390 0.829215 0.009262 0.035977
0 0.519186 0.843914 0.010920 0.032963
0 0.586236 0.869866 0.019770 0.122209
0 0.550086 0.826609 0.008448 0.040089
0 0.564296 0.853799 0.017098 0.045045
0 0.606633 0.831635 0.008860 0.040920
0 0.675220 0.847759 0.013180 0.070307
0 0.688405 0.847759 0.013190 0.079093
0 0.702414 0.834847 0.014004 0.058225
0 0.752778 0.861354 0.022452 0.111239
0 0.796509 0.848774 0.017711 0.084598
0 0.821844 0.848908 0.016063 0.087063
0 0.834411 0.844106 0.014013 0.080754
0 0.853980 0.842458 0.019358 0.074700
0 0.882098 0.838199 0.010920 0.059591
0 0.894684 0.833391 0.008448 0.052733
0 0.904751 0.879949 0.031513 0.127714
0 0.935982 0.880632 0.028841 0.129642
0 0.960599 0.871845 0.027807 0.126347
