0 0.257003 0.778659 0.072175 0.414142
0 0.208619 0.754474 0.054120 0.346073
0 0.317074 0.695676 0.025050 0.136674
0 0.356559 0.682854 0.017468 0.097382
0 0.389993 0.690901 0.022160 0.167682
0 0.403705 0.677060 0.015823 0.109957
0 0.430336 0.695655 0.024249 0.151867
0 0.458412 0.694260 0.028212 0.157017
0 0.494270 0.684968 0.020300 0.099678
0 0.512074 0.691888 0.023205 0.130901
0 0.540937 0.694270 0.023991 0.123004
0 0.585694 0.746363 0.039857 0.260279
0 0.637711 0.752049 0.045951 0.271652
0 0.685365 0.768573 0.046323 0.232940
0 0.737454 0.702693 0.022146 0.128133
0 0.477904 0.665504 0.010544 0.046803
