0 0.451133 0.422742 0.017267 0.052183
0 0.048125 0.729400 0.029450 0.105133
0 0.664167 0.696367 0.035000 0.057700
0 0.833300 0.644592 0.037967 0.077417
0 0.539683 0.428483 0.018500 0.041500
0 0.064533 0.702408 0.027733 0.111283
0 0.119833 0.692992 0.026700 0.115750
0 0.338225 0.632217 0.034017 0.097133
0 0.325592 0.564708 0.025883 0.068217
0 0.272592 0.535742 0.026717 0.073550
0 0.018842 0.466500 0.024650 0.068200
0 0.336117 0.425700 0.025900 0.056300
0 0.296008 0.423967 0.019317 0.053000
0 0.419125 0.461850 0.019317 0.051367
0 0.437158 0.422950 0.013983 0.050133
