0 0.046854 0.704562 0.093709 0.590875
0 0.325235 0.714010 0.126408 0.571979
0 0.483210 0.648490 0.068838 0.359188
0 0.407477 0.569396 0.025657 0.205583
0 0.391438 0.578219 0.030810 0.200479
0 0.423175 0.517312 0.015810 0.102833
0 0.145880 0.588510 0.025845 0.185896
0 0.102430 0.604125 0.027183 0.171250
0 0.077588 0.525823 0.033204 0.127729
0 0.053310 0.503083 0.013592 0.050625
0 0.100428 0.514156 0.016491 0.056146
0 0.114689 0.574469 0.018721 0.172813
0 0.157805 0.563990 0.014930 0.153438
0 0.184877 0.580198 0.033415 0.211979
0 0.172400 0.505062 0.017383 0.064875
0 0.237101 0.566896 0.028779 0.211583
0 0.212312 0.562781 0.020798 0.155229
0 0.252107 0.552802 0.024589 0.166562
0 0.270839 0.532427 0.020059 0.115021
0 0.644619 0.514031 0.018721 0.107271
0 0.752782 0.588521 0.042746 0.275417
0 0.825340 0.707302 0.080845 0.481396
0 0.849888 0.510781 0.018275 0.101687
0 0.835851 0.497156 0.012031 0.072771
0 0.897459 0.531708 0.022500 0.115083
0 0.907711 0.526969 0.014484 0.096896
0 0.944583 0.533542 0.016045 0.143958
0 0.936667 0.510396 0.014038 0.113500
