0 0.471775 0.654685 0.158683 0.459415
0 0.197842 0.504647 0.064783 0.147925
0 0.255550 0.514012 0.059567 0.142991
0 0.119667 0.491578 0.052867 0.109956
0 0.285033 0.490701 0.042633 0.100740
0 0.314583 0.487312 0.025933 0.067870
0 0.343000 0.489956 0.025433 0.064238
0 0.358967 0.471380 0.027933 0.060773
0 0.336767 0.451562 0.014967 0.015199
0 0.399117 0.471148 0.020700 0.058124
0 0.626042 0.511247 0.062917 0.167506
0 0.582300 0.514387 0.051267 0.133830
0 0.684008 0.475210 0.014117 0.048587
0 0.759275 0.486512 0.029917 0.028212
0 0.786808 0.473091 0.018083 0.046247
0 0.767067 0.467445 0.018067 0.034956
0 0.809042 0.470132 0.019317 0.050508
0 0.853817 0.478046 0.040733 0.073488
0 0.897308 0.484857 0.041283 0.107020
0 0.943475 0.479073 0.045783 0.086998
0 0.534625 0.477787 0.054750 0.078819
