0 0.096168 0.692350 0.185439 0.615299
0 0.190959 0.795417 0.072020 0.409165
0 0.282434 0.784374 0.092724 0.431252
0 0.383847 0.749846 0.095204 0.494719
0 0.467031 0.803557 0.029898 0.320036
0 0.538087 0.816842 0.042541 0.258693
0 0.583786 0.816334 0.037367 0.241307
0 0.611388 0.819918 0.020122 0.219837
0 0.655077 0.804065 0.043112 0.384465
0 0.743959 0.619093 0.195367 0.761815
0 0.862673 0.816425 0.028388 0.126388
0 0.911398 0.801152 0.027551 0.191016
0 0.938143 0.811098 0.035531 0.172541
0 0.966490 0.799737 0.041122 0.183902
0 0.633219 0.804156 0.016765 0.186606
