0 0.760122 0.704872 0.053080 0.109417
0 0.764148 0.657332 0.030559 0.067486
0 0.760122 0.643525 0.017693 0.052149
0 0.586819 0.597514 0.039398 0.078743
0 0.538968 0.592905 0.024126 0.098160
0 0.540172 0.563260 0.028138 0.047031
0 0.476640 0.577577 0.029756 0.079745
0 0.458145 0.545883 0.031361 0.061348
0 0.402650 0.583206 0.031375 0.076685
0 0.385358 0.583197 0.027335 0.072587
0 0.503582 0.536676 0.020917 0.065446
0 0.545000 0.548953 0.021719 0.053169
0 0.566712 0.542304 0.013682 0.037832
0 0.587622 0.569399 0.013668 0.049071
0 0.701017 0.635856 0.023324 0.073607
0 0.669248 0.634836 0.028954 0.087923
0 0.652765 0.632277 0.023324 0.091002
0 0.674076 0.714071 0.040215 0.082823
0 0.699814 0.699763 0.036991 0.074645
0 0.798324 0.666020 0.034585 0.086903
0 0.794713 0.710501 0.033782 0.071566
0 0.785057 0.630228 0.020917 0.054189
