0 0.317172 0.828011 0.031806 0.072444
0 0.442400 0.879956 0.029813 0.056533
0 0.422028 0.901161 0.014906 0.049478
0 0.416559 0.741256 0.023856 0.075978
0 0.344006 0.706806 0.017888 0.042411
0 0.333075 0.705039 0.013912 0.060078
0 0.614784 0.631711 0.010831 0.054778
0 0.622287 0.626411 0.013912 0.051244
0 0.464184 0.332294 0.010544 0.045167
0 0.447553 0.320106 0.014856 0.060500
0 0.170284 0.220411 0.010544 0.034933
0 0.165491 0.210611 0.010544 0.032378
0 0.119000 0.198261 0.009588 0.031522
0 0.124750 0.196983 0.005750 0.028967
0 0.480147 0.643044 0.011019 0.036644
0 0.459537 0.621317 0.010062 0.028967
0 0.467925 0.615356 0.008625 0.044311
0 0.475353 0.611522 0.010069 0.051978
0 0.483022 0.615783 0.006231 0.048567
0 0.492609 0.610667 0.010069 0.058800
0 0.501716 0.615778 0.008144 0.041756
0 0.510103 0.621317 0.008631 0.040900
0 0.527356 0.611944 0.008625 0.044311
0 0.522803 0.614500 0.010069 0.039200
0 0.514416 0.603000 0.009581 0.040044
0 0.778269 0.493506 0.014862 0.028967
0 0.674500 0.107517 0.005750 0.023856
0 0.667072 0.101550 0.004319 0.015344
0 0.471522 0.146283 0.006231 0.021300
0 0.773234 0.098139 0.003831 0.023856
0 0.804869 0.091328 0.007662 0.030678
0 0.816850 0.093028 0.006713 0.030678
