0 0.316428 0.741511 0.031183 0.136683
0 0.060694 0.861985 0.030138 0.182059
0 0.234452 0.861695 0.067659 0.276609
0 0.224917 0.794326 0.042439 0.133676
0 0.399087 0.815186 0.036906 0.204342
0 0.387759 0.797324 0.031180 0.175408
0 0.354655 0.747721 0.012816 0.152631
0 0.273287 0.692222 0.043995 0.091634
0 0.542096 0.766693 0.017500 0.090568
0 0.487665 0.729912 0.022543 0.039947
0 0.496713 0.705786 0.019871 0.052602
0 0.611961 0.824377 0.033744 0.186801
0 0.670711 0.791848 0.018388 0.092545
0 0.709893 0.824475 0.038560 0.191025
0 0.772486 0.876634 0.095849 0.246732
0 0.852448 0.887226 0.083548 0.225547
0 0.962486 0.897821 0.075028 0.204359
0 0.926255 0.844847 0.034341 0.192725
0 0.989050 0.808317 0.021900 0.114469
0 0.943390 0.779105 0.017797 0.038227
0 0.960322 0.784708 0.019528 0.033615
0 0.970244 0.779185 0.011682 0.033852
0 0.896497 0.798715 0.017056 0.070200
0 0.911083 0.787510 0.017056 0.058337
0 0.870190 0.805633 0.033474 0.121495
0 0.878631 0.779216 0.014877 0.044248
0 0.884710 0.780645 0.008153 0.043676
0 0.834715 0.773209 0.017451 0.035666
0 0.815190 0.796097 0.014449 0.081442
0 0.850879 0.769395 0.012016 0.029183
0 0.732866 0.759667 0.012877 0.032618
0 0.727431 0.758999 0.007724 0.014877
0 0.631903 0.749859 0.007868 0.049432
0 0.641619 0.756616 0.008704 0.057537
0 0.663552 0.759238 0.006081 0.045617
0 0.682506 0.761144 0.007984 0.047525
0 0.698361 0.750813 0.012040 0.025270
0 0.815718 0.758601 0.014305 0.023362
0 0.839262 0.763290 0.007273 0.016213
0 0.846115 0.760031 0.007868 0.013828
0 0.891055 0.764087 0.006676 0.019073
