0 0.679372 0.724846 0.131594 0.323925
0 0.791088 0.639204 0.032212 0.117792
0 0.816781 0.625425 0.019525 0.098817
0 0.830094 0.652054 0.031950 0.130775
0 0.852506 0.640808 0.033287 0.127217
0 0.873584 0.612704 0.034619 0.114792
0 0.947034 0.642879 0.026181 0.115975
0 0.969666 0.654421 0.029731 0.133142
0 0.733991 0.571804 0.021569 0.095742
0 0.718888 0.575504 0.014175 0.094925
0 0.706872 0.572833 0.018494 0.076433
0 0.617650 0.561121 0.017562 0.048075
0 0.600394 0.563175 0.018800 0.059583
0 0.593766 0.537079 0.016644 0.032875
0 0.529816 0.543863 0.023731 0.052192
0 0.503775 0.546125 0.017875 0.050133
0 0.495300 0.523929 0.013250 0.041092
0 0.471569 0.520854 0.013250 0.039858
0 0.459241 0.521467 0.018181 0.041917
0 0.432122 0.516537 0.020031 0.076425
0 0.441213 0.495987 0.016638 0.049308
0 0.460319 0.555983 0.019725 0.039450
0 0.448300 0.652550 0.046225 0.120817
0 0.440441 0.603446 0.029894 0.048892
0 0.371406 0.622554 0.034213 0.086292
0 0.339509 0.628921 0.032669 0.085058
0 0.311772 0.628717 0.019106 0.083833
0 0.328106 0.624608 0.018487 0.074783
0 0.312544 0.596050 0.020650 0.067800
0 0.376031 0.568929 0.019412 0.081775
0 0.384659 0.554342 0.018181 0.083000
0 0.400684 0.570571 0.017569 0.084242
0 0.399144 0.538725 0.013250 0.046850
0 0.337506 0.521879 0.016950 0.083008
0 0.350450 0.516333 0.011400 0.088350
0 0.361234 0.518800 0.013869 0.059583
0 0.330419 0.488800 0.015100 0.081767
0 0.302066 0.490650 0.012019 0.066567
0 0.285112 0.487158 0.020650 0.078483
0 0.273866 0.486954 0.013556 0.051775
0 0.269397 0.650700 0.032981 0.117933
0 0.285422 0.612075 0.036056 0.083417
0 0.251059 0.624200 0.027119 0.114233
0 0.164150 0.651725 0.039450 0.106017
0 0.143966 0.581258 0.028044 0.051367
0 0.097581 0.627279 0.030200 0.132725
0 0.010422 0.673712 0.020844 0.184508
0 0.034869 0.609608 0.026812 0.062050
0 0.015759 0.597487 0.021881 0.065742
0 0.063372 0.544067 0.015406 0.079717
0 0.089572 0.531533 0.014794 0.053833
0 0.072772 0.525987 0.020031 0.042742
0 0.017609 0.527629 0.015719 0.046025
0 0.004875 0.520646 0.009750 0.049308
0 0.029166 0.482842 0.015406 0.064100
0 0.054128 0.480787 0.013556 0.067392
0 0.185569 0.519413 0.024962 0.046842
0 0.146275 0.536879 0.018488 0.037392
0 0.224094 0.547354 0.013250 0.059992
0 0.239656 0.547767 0.027737 0.056700
0 0.242428 0.493525 0.012944 0.051783
0 0.229641 0.485921 0.014481 0.058758
0 0.202675 0.477704 0.024037 0.081775
0 0.182181 0.488796 0.016950 0.039858
0 0.170931 0.484687 0.016025 0.055475
0 0.151975 0.491267 0.016950 0.054650
0 0.256297 0.490854 0.016644 0.057125
