0 0.484262 0.647672 0.020769 0.105087
0 0.152896 0.389415 0.188838 0.778831
0 0.837888 0.374692 0.324223 0.749385
0 0.935069 0.460795 0.129862 0.597795
0 0.602896 0.546933 0.106008 0.346010
0 0.013985 0.560503 0.027969 0.360944
0 0.162735 0.630487 0.047931 0.178082
0 0.237162 0.642344 0.030354 0.128523
0 0.270446 0.639149 0.026631 0.160472
0 0.309854 0.600451 0.026631 0.095856
0 0.315712 0.631697 0.024500 0.165446
0 0.341538 0.615364 0.047400 0.198113
0 0.374292 0.633118 0.031954 0.148410
0 0.415831 0.631344 0.025569 0.146277
0 0.438996 0.629210 0.031423 0.159056
0 0.461365 0.644477 0.019700 0.117159
0 0.513023 0.636667 0.021831 0.125682
0 0.542581 0.638446 0.025562 0.132072
0 0.647758 0.632051 0.031423 0.156205
0 0.677312 0.625662 0.039408 0.147692
0 0.728438 0.613231 0.052185 0.175385
0 0.778350 0.626041 0.029146 0.111446
