0 0.300692 0.883100 0.071800 0.233800
0 0.011883 0.867500 0.023767 0.264525
0 0.054867 0.810225 0.043300 0.102750
0 0.234950 0.868919 0.042100 0.235362
0 0.262554 0.870556 0.029525 0.258337
0 0.417283 0.864406 0.037183 0.241112
0 0.373542 0.835706 0.022967 0.173863
0 0.347575 0.819712 0.031167 0.156650
0 0.476054 0.800031 0.028975 0.151713
0 0.581313 0.871556 0.034625 0.218688
0 0.775629 0.924162 0.079725 0.151675
0 0.796133 0.885206 0.070617 0.229587
0 0.713437 0.832944 0.040092 0.127788
0 0.876092 0.885563 0.049200 0.202975
0 0.941246 0.863356 0.054675 0.248763
0 0.023496 0.512744 0.016475 0.086788
0 0.044917 0.521125 0.015017 0.079925
0 0.065792 0.526206 0.013550 0.084588
