0 0.029658 0.686335 0.054223 0.215958
0 0.053758 0.627220 0.039162 0.166063
0 0.085885 0.638157 0.030123 0.152398
0 0.132077 0.682545 0.054215 0.238450
0 0.113754 0.586492 0.017569 0.045110
0 0.165715 0.621686 0.026108 0.120963
0 0.250558 0.710188 0.073300 0.322576
0 0.316077 0.696932 0.061754 0.295916
0 0.465938 0.689005 0.083338 0.262429
0 0.706923 0.738618 0.090369 0.335560
0 0.654454 0.699665 0.047692 0.238513
0 0.682750 0.630921 0.029623 0.139414
0 0.764404 0.620728 0.027608 0.132576
0 0.793269 0.598791 0.034138 0.127110
0 0.839712 0.672665 0.057731 0.291131
0 0.875858 0.673005 0.036654 0.259016
0 0.936604 0.663099 0.037654 0.262429
0 0.981735 0.692073 0.036531 0.264482
0 0.898954 0.667476 0.019585 0.213906
0 0.919535 0.583068 0.023592 0.076545
0 0.991796 0.550712 0.016408 0.065969
0 0.963542 0.549529 0.027546 0.067393
0 0.715273 0.576262 0.024700 0.047455
0 0.665396 0.566209 0.019854 0.037236
0 0.727981 0.593728 0.025423 0.098869
0 0.807277 0.558654 0.019369 0.036534
0 0.903169 0.547696 0.025385 0.041424
0 0.940665 0.535335 0.012823 0.017079
