0 0.114925 0.697844 0.076390 0.296222
0 0.055415 0.668320 0.037090 0.152533
0 0.265495 0.688000 0.042070 0.099396
0 0.376482 0.731796 0.058125 0.307040
0 0.601077 0.779840 0.079715 0.435769
0 0.736300 0.668520 0.037090 0.205680
0 0.712288 0.643262 0.024445 0.118098
0 0.654263 0.651529 0.025755 0.145564
0 0.624662 0.623507 0.013455 0.060827
0 0.634465 0.609836 0.013070 0.045787
0 0.534967 0.651467 0.017355 0.115876
0 0.488827 0.646244 0.012905 0.062889
0 0.436773 0.650004 0.018685 0.066444
0 0.472310 0.622662 0.007720 0.058782
0 0.459103 0.618409 0.009115 0.035431
0 0.507535 0.615662 0.006800 0.040924
0 0.551100 0.616347 0.009270 0.041191
0 0.557358 0.606596 0.004175 0.022791
