0 0.463008 0.447731 0.140367 0.556562
0 0.234783 0.620737 0.109933 0.481475
0 0.355521 0.615588 0.123675 0.368100
0 0.303496 0.561113 0.053008 0.353375
0 0.372700 0.558163 0.053983 0.365150
0 0.403129 0.548594 0.052025 0.328338
0 0.184229 0.550069 0.071658 0.328337
0 0.054662 0.474237 0.099142 0.288600
0 0.126317 0.482338 0.073617 0.319500
0 0.070371 0.381475 0.061842 0.111900
0 0.015308 0.436694 0.030617 0.222337
0 0.125825 0.426388 0.037300 0.228225
0 0.183742 0.338775 0.043183 0.088350
0 0.246071 0.355712 0.044175 0.098650
0 0.271104 0.392519 0.058892 0.136938
0 0.378100 0.388106 0.039267 0.089813
0 0.683375 0.606750 0.121717 0.421100
0 0.598467 0.594975 0.105033 0.379875
0 0.613679 0.404300 0.098158 0.213500
0 0.529262 0.405037 0.058892 0.126625
0 0.522392 0.592031 0.106017 0.388713
0 0.804113 0.602331 0.127608 0.403438
0 0.768771 0.477181 0.082458 0.176688
0 0.708892 0.419019 0.056933 0.163438
0 0.846317 0.552275 0.064783 0.400500
0 0.905217 0.563319 0.076567 0.410788
0 0.980583 0.636200 0.038833 0.512400
0 0.877729 0.382212 0.068708 0.136925
